Quantum #s: E = -39.913, L = 0
r 	 psi(r)
0.05	-0.00128734
0.1	-0.00386138
0.15	-0.00643352
0.2	-0.00900249
0.25	-0.011567
0.3	-0.0141258
0.35	-0.0166777
0.4	-0.0192213
0.45	-0.0217555
0.5	-0.0242789
0.55	-0.0267903
0.6	-0.0292886
0.65	-0.0317723
0.7	-0.0342405
0.75	-0.0366917
0.8	-0.0391248
0.85	-0.0415387
0.9	-0.0439321
0.95	-0.0463038
1	-0.0486527
1.05	-0.0509776
1.1	-0.0532773
1.15	-0.0555508
1.2	-0.0577969
1.25	-0.0600146
1.3	-0.0622026
1.35	-0.06436
1.4	-0.0664857
1.45	-0.0685786
1.5	-0.0706377
1.55	-0.0726621
1.6	-0.0746506
1.65	-0.0766024
1.7	-0.0785164
1.75	-0.0803918
1.8	-0.0822276
1.85	-0.0840229
1.9	-0.0857768
1.95	-0.0874886
2	-0.0891573
2.05	-0.0907821
2.1	-0.0923623
2.15	-0.0938971
2.2	-0.0953857
2.25	-0.0968274
2.3	-0.0982216
2.35	-0.0995675
2.4	-0.100865
2.45	-0.102112
2.5	-0.10331
2.55	-0.104456
2.6	-0.105552
2.65	-0.106596
2.7	-0.107587
2.75	-0.108527
2.8	-0.109412
2.85	-0.110245
2.9	-0.111024
2.95	-0.111748
3	-0.112418
3.05	-0.113033
3.1	-0.113593
3.15	-0.114098
3.2	-0.114548
3.25	-0.114942
3.3	-0.11528
3.35	-0.115563
3.4	-0.11579
3.45	-0.115961
3.5	-0.116076
3.55	-0.116135
3.6	-0.116139
3.65	-0.116087
3.7	-0.11598
3.75	-0.115818
3.8	-0.115601
3.85	-0.115329
3.9	-0.115002
3.95	-0.114622
4	-0.114188
4.05	-0.113701
4.1	-0.113161
4.15	-0.112569
4.2	-0.111925
4.25	-0.111231
4.3	-0.110485
4.35	-0.10969
4.4	-0.108846
4.45	-0.107954
4.5	-0.107014
4.55	-0.106027
4.6	-0.104995
4.65	-0.103918
4.7	-0.102797
4.75	-0.101633
4.8	-0.100428
4.85	-0.0991819
4.9	-0.0978966
4.95	-0.0965732
5	-0.0952129
5.05	-0.093817
5.1	-0.092387
5.15	-0.0909241
5.2	-0.08943
5.25	-0.0879061
5.3	-0.086354
5.35	-0.0847753
5.4	-0.0831717
5.45	-0.0815448
5.5	-0.0798964
5.55	-0.0782283
5.6	-0.0765423
5.65	-0.0748404
5.7	-0.0731243
5.75	-0.0713961
5.8	-0.0696578
5.85	-0.0679112
5.9	-0.0661586
5.95	-0.0644018
6	-0.0626431
6.05	-0.0608845
6.1	-0.0591281
6.15	-0.0573759
6.2	-0.0556302
6.25	-0.0538929
6.3	-0.0521663
6.35	-0.0504523
6.4	-0.0487529
6.45	-0.0470702
6.5	-0.0454062
6.55	-0.0437627
6.6	-0.0421416
6.65	-0.0405447
6.7	-0.0389738
6.75	-0.0374304
6.8	-0.0359161
6.85	-0.0344324
6.9	-0.0329806
6.95	-0.0315621
7	-0.0301779
7.05	-0.0288291
7.1	-0.0275166
7.15	-0.0262412
7.2	-0.0250035
7.25	-0.0238042
7.3	-0.0226435
7.35	-0.0215218
7.4	-0.0204392
7.45	-0.0193958
7.5	-0.0183914
7.55	-0.017426
7.6	-0.016499
7.65	-0.0156102
7.7	-0.0147591
7.75	-0.0139449
7.8	-0.0131671
7.85	-0.0124248
7.9	-0.0117173
7.95	-0.0110435
8	-0.0104027
8.05	-0.00979378
8.1	-0.00921573
8.15	-0.00866751
8.2	-0.00814806
8.25	-0.00765629
8.3	-0.00719112
8.35	-0.00675146
8.4	-0.00633623
8.45	-0.00594436
8.5	-0.00557478
8.55	-0.00522646
8.6	-0.00489839
8.65	-0.00458956
8.7	-0.00429901
8.75	-0.0040258
8.8	-0.00376903
8.85	-0.00352782
8.9	-0.00330134
8.95	-0.00308876
9	-0.00288931
9.05	-0.00270226
9.1	-0.00252689
9.15	-0.00236253
9.2	-0.00220853
9.25	-0.00206428
9.3	-0.00192921
9.35	-0.00180274
9.4	-0.00168438
9.45	-0.00157362
9.5	-0.00146999
9.55	-0.00137305
9.6	-0.00128239
9.65	-0.00119762
9.7	-0.00111835
9.75	-0.00104426
9.8	-0.000975001
9.85	-0.000910272
9.9	-0.000849782
9.95	-0.00079326
10	-0.00074045
10.05	-0.000691112
10.1	-0.00064502
10.15	-0.000601965
10.2	-0.000561747
10.25	-0.000524181
10.3	-0.000489094
10.35	-0.000456322
10.4	-0.000425714
10.45	-0.000397126
10.5	-0.000370425
10.55	-0.000345486
10.6	-0.000322191
10.65	-0.000300431
10.7	-0.000280104
10.75	-0.000261113
10.8	-0.000243369
10.85	-0.000226788
10.9	-0.000211291
10.95	-0.000196805
11	-0.000183261
11.05	-0.000170594
11.1	-0.000158745
11.15	-0.000147656
11.2	-0.000137275
11.25	-0.000127552
11.3	-0.000118442
11.35	-0.000109899
11.4	-0.000101884
11.45	-9.43589e-05
11.5	-8.72864e-05
11.55	-8.06333e-05
11.6	-7.43676e-05
11.65	-6.84592e-05
11.7	-6.28799e-05
11.75	-5.76029e-05
11.8	-5.26029e-05
11.85	-4.78558e-05
11.9	-4.33388e-05
11.95	-3.90303e-05
12	-3.49096e-05
12.05	-3.09568e-05
12.1	-2.7153e-05
12.15	-2.34798e-05
12.2	-1.99196e-05
12.25	-1.64553e-05
12.3	-1.30702e-05
12.35	-9.74797e-06
12.4	-6.47269e-06
12.45	-3.22857e-06
12.5	0
Quantum #s: E = -29.3792, L = 0
r 	 psi(r)
0.05	0.00228022
0.1	0.00683662
0.15	0.011381
0.2	0.0159052
0.25	0.0204014
0.3	0.0248616
0.35	0.0292779
0.4	0.0336426
0.45	0.0379479
0.5	0.0421862
0.55	0.04635
0.6	0.0504321
0.65	0.0544252
0.7	0.0583223
0.75	0.0621164
0.8	0.0658009
0.85	0.0693693
0.9	0.0728153
0.95	0.0761329
1	0.0793161
1.05	0.0823593
1.1	0.0852572
1.15	0.0880047
1.2	0.0905969
1.25	0.0930293
1.3	0.0952975
1.35	0.0973976
1.4	0.0993258
1.45	0.101079
1.5	0.102654
1.55	0.104047
1.6	0.105257
1.65	0.106282
1.7	0.107119
1.75	0.107766
1.8	0.108224
1.85	0.108491
1.9	0.108567
1.95	0.108451
2	0.108144
2.05	0.107646
2.1	0.106959
2.15	0.106083
2.2	0.105019
2.25	0.103771
2.3	0.10234
2.35	0.100728
2.4	0.0989389
2.45	0.0969753
2.5	0.0948409
2.55	0.0925394
2.6	0.0900748
2.65	0.0874516
2.7	0.0846744
2.75	0.0817481
2.8	0.0786779
2.85	0.0754692
2.9	0.0721277
2.95	0.0686592
3	0.06507
3.05	0.0613664
3.1	0.0575548
3.15	0.0536421
3.2	0.0496352
3.25	0.0455411
3.3	0.041367
3.35	0.0371203
3.4	0.0328085
3.45	0.0284391
3.5	0.02402
3.55	0.0195587
3.6	0.0150632
3.65	0.0105413
3.7	0.00600101
3.75	0.00145023
3.8	-0.00310308
3.85	-0.00765098
3.9	-0.0121855
3.95	-0.0166989
4	-0.0211832
4.05	-0.0256307
4.1	-0.0300337
4.15	-0.0343847
4.2	-0.0386762
4.25	-0.0429008
4.3	-0.0470515
4.35	-0.0511211
4.4	-0.0551028
4.45	-0.0589901
4.5	-0.0627764
4.55	-0.0664555
4.6	-0.0700214
4.65	-0.0734685
4.7	-0.0767912
4.75	-0.0799842
4.8	-0.0830428
4.85	-0.0859622
4.9	-0.0887382
4.95	-0.0913669
5	-0.0938444
5.05	-0.0961676
5.1	-0.0983334
5.15	-0.100339
5.2	-0.102183
5.25	-0.103863
5.3	-0.105378
5.35	-0.106726
5.4	-0.107907
5.45	-0.10892
5.5	-0.109767
5.55	-0.110446
5.6	-0.110961
5.65	-0.11131
5.7	-0.111498
5.75	-0.111525
5.8	-0.111394
5.85	-0.111109
5.9	-0.110672
5.95	-0.110088
6	-0.10936
6.05	-0.108494
6.1	-0.107494
6.15	-0.106364
6.2	-0.105112
6.25	-0.103741
6.3	-0.102259
6.35	-0.100672
6.4	-0.0989866
6.45	-0.0972088
6.5	-0.0953459
6.55	-0.0934049
6.6	-0.0913929
6.65	-0.0893173
6.7	-0.0871852
6.75	-0.0850039
6.8	-0.0827806
6.85	-0.0805226
6.9	-0.0782369
6.95	-0.0759305
7	-0.0736102
7.05	-0.0712826
7.1	-0.0689542
7.15	-0.066631
7.2	-0.064319
7.25	-0.0620236
7.3	-0.0597502
7.35	-0.0575037
7.4	-0.0552887
7.45	-0.0531092
7.5	-0.0509692
7.55	-0.0488721
7.6	-0.0468211
7.65	-0.0448187
7.7	-0.0428673
7.75	-0.0409689
7.8	-0.0391252
7.85	-0.0373373
7.9	-0.0356064
7.95	-0.0339329
8	-0.0323174
8.05	-0.0307599
8.1	-0.0292602
8.15	-0.0278181
8.2	-0.026433
8.25	-0.025104
8.3	-0.0238303
8.35	-0.0226109
8.4	-0.0214445
8.45	-0.0203299
8.5	-0.0192657
8.55	-0.0182505
8.6	-0.0172828
8.65	-0.016361
8.7	-0.0154836
8.75	-0.0146489
8.8	-0.0138554
8.85	-0.0131015
8.9	-0.0123857
8.95	-0.0117062
9	-0.0110617
9.05	-0.0104505
9.1	-0.00987123
9.15	-0.00932241
9.2	-0.00880262
9.25	-0.0083105
9.3	-0.00784473
9.35	-0.00740403
9.4	-0.00698717
9.45	-0.00659295
9.5	-0.00622025
9.55	-0.00586795
9.6	-0.00553502
9.65	-0.00522045
9.7	-0.00492327
9.75	-0.00464258
9.8	-0.00437749
9.85	-0.00412717
9.9	-0.00389082
9.95	-0.00366769
10	-0.00345706
10.05	-0.00325825
10.1	-0.0030706
10.15	-0.00289349
10.2	-0.00272635
10.25	-0.00256861
10.3	-0.00241976
10.35	-0.00227928
10.4	-0.00214671
10.45	-0.0020216
10.5	-0.00190352
10.55	-0.00179208
10.6	-0.00168688
10.65	-0.00158758
10.7	-0.00149383
10.75	-0.00140531
10.8	-0.00132172
10.85	-0.00124276
10.9	-0.00116815
10.95	-0.00109766
11	-0.00103102
11.05	-0.000968001
11.1	-0.000908392
11.15	-0.000851981
11.2	-0.000798572
11.25	-0.000747977
11.3	-0.000700019
11.35	-0.000654531
11.4	-0.000611352
11.45	-0.000570331
11.5	-0.000531324
11.55	-0.000494194
11.6	-0.00045881
11.65	-0.000425048
11.7	-0.000392787
11.75	-0.000361916
11.8	-0.000332325
11.85	-0.000303909
11.9	-0.000276569
11.95	-0.000250207
12	-0.00022473
12.05	-0.000200049
12.1	-0.000176076
12.15	-0.000152727
12.2	-0.000129918
12.25	-0.00010757
12.3	-8.56019e-05
12.35	-6.39375e-05
12.4	-4.24996e-05
12.45	-2.12122e-05
12.5	0
Quantum #s: E = -15.0283, L = 0
r 	 psi(r)
0.05	0.00294526
0.1	0.00882548
0.15	0.0146748
0.2	0.0204729
0.25	0.0261993
0.3	0.0318342
0.35	0.0373577
0.4	0.0427506
0.45	0.0479939
0.5	0.0530695
0.55	0.0579595
0.6	0.0626468
0.65	0.067115
0.7	0.0713485
0.75	0.0753326
0.8	0.0790532
0.85	0.0824974
0.9	0.0856531
0.95	0.0885093
1	0.091056
1.05	0.0932843
1.1	0.0951865
1.15	0.0967558
1.2	0.0979867
1.25	0.0988751
1.3	0.0994177
1.35	0.0996127
1.4	0.0994595
1.45	0.0989584
1.5	0.0981114
1.55	0.0969213
1.6	0.0953924
1.65	0.0935299
1.7	0.0913404
1.75	0.0888317
1.8	0.0860123
1.85	0.0828922
1.9	0.0794824
1.95	0.0757947
2	0.071842
2.05	0.0676383
2.1	0.063198
2.15	0.0585369
2.2	0.0536712
2.25	0.0486179
2.3	0.0433946
2.35	0.0380197
2.4	0.032512
2.45	0.0268906
2.5	0.0211753
2.55	0.015386
2.6	0.00954288
2.65	0.00366646
2.7	-0.00222277
2.75	-0.00810424
2.8	-0.0139574
2.85	-0.0197618
2.9	-0.0254972
2.95	-0.0311436
3	-0.0366812
3.05	-0.0420908
3.1	-0.0473535
3.15	-0.0524509
3.2	-0.0573653
3.25	-0.0620796
3.3	-0.0665774
3.35	-0.0708429
3.4	-0.0748615
3.45	-0.0786191
3.5	-0.0821027
3.55	-0.0853003
3.6	-0.0882008
3.65	-0.0907942
3.7	-0.0930716
3.75	-0.0950251
3.8	-0.0966481
3.85	-0.0979351
3.9	-0.0988817
3.95	-0.099485
4	-0.0997428
4.05	-0.0996546
4.1	-0.0992208
4.15	-0.0984432
4.2	-0.0973247
4.25	-0.0958695
4.3	-0.0940828
4.35	-0.0919711
4.4	-0.0895421
4.45	-0.0868043
4.5	-0.0837677
4.55	-0.0804429
4.6	-0.0768418
4.65	-0.0729771
4.7	-0.0688624
4.75	-0.0645123
4.8	-0.0599419
4.85	-0.0551672
4.9	-0.050205
4.95	-0.0450723
5	-0.0397871
5.05	-0.0343675
5.1	-0.0288322
5.15	-0.0232
5.2	-0.0174901
5.25	-0.0117219
5.3	-0.00591477
5.35	-8.80089e-05
5.4	0.00573904
5.45	0.0115473
5.5	0.0173177
5.55	0.0230319
5.6	0.0286717
5.65	0.0342193
5.7	0.0396577
5.75	0.0449704
5.8	0.0501416
5.85	0.0551564
5.9	0.0600005
5.95	0.0646606
6	0.0691246
6.05	0.073381
6.1	0.0774196
6.15	0.0812314
6.2	0.0848082
6.25	0.0881432
6.3	0.0912307
6.35	0.0940663
6.4	0.0966467
6.45	0.0989699
6.5	0.101035
6.55	0.102842
6.6	0.104393
6.65	0.105691
6.7	0.106739
6.75	0.107541
6.8	0.108104
6.85	0.108435
6.9	0.10854
6.95	0.108428
7	0.108109
7.05	0.107592
7.1	0.106888
7.15	0.106006
7.2	0.104958
7.25	0.103756
7.3	0.102411
7.35	0.100934
7.4	0.0993383
7.45	0.097634
7.5	0.0958332
7.55	0.0939471
7.6	0.0919866
7.65	0.0899624
7.7	0.0878849
7.75	0.0857637
7.8	0.0836084
7.85	0.0814276
7.9	0.0792299
7.95	0.0770229
8	0.0748139
8.05	0.0726097
8.1	0.0704163
8.15	0.0682393
8.2	0.0660838
8.25	0.0639544
8.3	0.0618551
8.35	0.0597894
8.4	0.0577604
8.45	0.0557708
8.5	0.053823
8.55	0.0519187
8.6	0.0500595
8.65	0.0482467
8.7	0.0464811
8.75	0.0447634
8.8	0.043094
8.85	0.0414731
8.9	0.0399007
8.95	0.0383765
9	0.0369003
9.05	0.0354715
9.1	0.0340895
9.15	0.0327536
9.2	0.031463
9.25	0.0302168
9.3	0.029014
9.35	0.0278537
9.4	0.0267348
9.45	0.0256563
9.5	0.024617
9.55	0.0236159
9.6	0.0226518
9.65	0.0217236
9.7	0.0208302
9.75	0.0199704
9.8	0.0191431
9.85	0.0183472
9.9	0.0175817
9.95	0.0168455
10	0.0161375
10.05	0.0154567
10.1	0.0148021
10.15	0.0141727
10.2	0.0135675
10.25	0.0129856
10.3	0.0124261
10.35	0.0118882
10.4	0.0113708
10.45	0.0108733
10.5	0.0103948
10.55	0.00993454
10.6	0.00949169
10.65	0.00906556
10.7	0.00865543
10.75	0.00826059
10.8	0.00788039
10.85	0.00751417
10.9	0.0071613
10.95	0.00682118
11	0.00649321
11.05	0.00617683
11.1	0.00587149
11.15	0.00557665
11.2	0.00529179
11.25	0.00501642
11.3	0.00475004
11.35	0.00449219
11.4	0.00424241
11.45	0.00400026
11.5	0.0037653
11.55	0.00353712
11.6	0.00331531
11.65	0.00309948
11.7	0.00288923
11.75	0.00268419
11.8	0.002484
11.85	0.00228829
11.9	0.00209671
11.95	0.00190892
12	0.00172458
12.05	0.00154335
12.1	0.00136492
12.15	0.00118895
12.2	0.00101513
12.25	0.000843153
12.3	0.000672699
12.35	0.000503461
12.4	0.000335135
12.45	0.000167416
12.5	0
Quantum #s: E = -0.636709, L = 0
r 	 psi(r)
0.05	-0.00291962
0.1	-0.00874358
0.15	-0.0145218
0.2	-0.020224
0.25	-0.0258203
0.3	-0.0312815
0.35	-0.0365789
0.4	-0.0416849
0.45	-0.0465728
0.5	-0.0512168
0.55	-0.0555928
0.6	-0.0596778
0.65	-0.0634505
0.7	-0.0668911
0.75	-0.0699815
0.8	-0.0727057
0.85	-0.0750494
0.9	-0.0770002
0.95	-0.078548
1	-0.0796848
1.05	-0.0804044
1.1	-0.0807033
1.15	-0.0805797
1.2	-0.0800344
1.25	-0.0790703
1.3	-0.0776923
1.35	-0.0759077
1.4	-0.0737258
1.45	-0.0711581
1.5	-0.0682179
1.55	-0.0649208
1.6	-0.0612839
1.65	-0.0573262
1.7	-0.0530686
1.75	-0.0485332
1.8	-0.0437439
1.85	-0.0387256
1.9	-0.0335047
1.95	-0.0281084
2	-0.0225651
2.05	-0.0169036
2.1	-0.0111538
2.15	-0.00534555
2.2	0.000490653
2.25	0.00632429
2.3	0.0121248
2.35	0.0178619
2.4	0.0235056
2.45	0.0290263
2.5	0.0343951
2.55	0.039584
2.6	0.0445659
2.65	0.0493146
2.7	0.0538054
2.75	0.0580148
2.8	0.0619207
2.85	0.0655029
2.9	0.0687425
2.95	0.0716227
3	0.0741284
3.05	0.0762465
3.1	0.0779661
3.15	0.0792782
3.2	0.0801759
3.25	0.0806546
3.3	0.0807119
3.35	0.0803475
3.4	0.0795635
3.45	0.0783638
3.5	0.0767549
3.55	0.0747453
3.6	0.0723455
3.65	0.0695682
3.7	0.0664278
3.75	0.0629409
3.8	0.0591258
3.85	0.0550023
3.9	0.0505922
3.95	0.0459185
4	0.0410057
4.05	0.0358793
4.1	0.0305661
4.15	0.025094
4.2	0.0194914
4.25	0.0137874
4.3	0.00801189
4.35	0.00219475
4.4	-0.00363378
4.45	-0.00944346
4.5	-0.0152042
4.55	-0.0208863
4.6	-0.0264603
4.65	-0.0318976
4.7	-0.0371702
4.75	-0.0422512
4.8	-0.0471145
4.85	-0.0517354
4.9	-0.0560905
4.95	-0.0601578
5	-0.063917
5.05	-0.0673493
5.1	-0.0704377
5.15	-0.0731672
5.2	-0.0755247
5.25	-0.077499
5.3	-0.079081
5.35	-0.0802637
5.4	-0.0810423
5.45	-0.081414
5.5	-0.0813783
5.55	-0.0809367
5.6	-0.0800929
5.65	-0.0788527
5.7	-0.0772238
5.75	-0.075216
5.8	-0.0728408
5.85	-0.0701118
5.9	-0.0670441
5.95	-0.0636544
6	-0.059961
6.05	-0.0559834
6.1	-0.0517424
6.15	-0.0472599
6.2	-0.0425586
6.25	-0.037662
6.3	-0.0325943
6.35	-0.0273799
6.4	-0.0220437
6.45	-0.0166105
6.5	-0.0111052
6.55	-0.00555221
6.6	2.42388e-05
6.65	0.00560058
6.7	0.011154
6.75	0.0166623
6.8	0.0221047
6.85	0.0274611
6.9	0.0327127
6.95	0.0378423
7	0.0428336
7.05	0.047672
7.1	0.0523445
7.15	0.0568394
7.2	0.0611466
7.25	0.0652575
7.3	0.0691651
7.35	0.0728639
7.4	0.0763497
7.45	0.0796198
7.5	0.0826729
7.55	0.0855087
7.6	0.0881284
7.65	0.0905339
7.7	0.0927285
7.75	0.0947159
7.8	0.0965011
7.85	0.0980893
7.9	0.0994866
7.95	0.1007
8	0.101735
8.05	0.1026
8.1	0.103302
8.15	0.103849
8.2	0.104248
8.25	0.104507
8.3	0.104634
8.35	0.104636
8.4	0.10452
8.45	0.104295
8.5	0.103965
8.55	0.10354
8.6	0.103025
8.65	0.102426
8.7	0.101749
8.75	0.101001
8.8	0.100186
8.85	0.0993095
8.9	0.0983768
8.95	0.0973923
9	0.0963601
9.05	0.0952844
9.1	0.0941689
9.15	0.0930172
9.2	0.0918325
9.25	0.0906179
9.3	0.0893762
9.35	0.08811
9.4	0.0868218
9.45	0.0855138
9.5	0.0841881
9.55	0.0828467
9.6	0.0814911
9.65	0.0801231
9.7	0.0787442
9.75	0.0773557
9.8	0.0759587
9.85	0.0745546
9.9	0.0731442
9.95	0.0717286
10	0.0703085
10.05	0.0688848
10.1	0.0674581
10.15	0.0660292
10.2	0.0645984
10.25	0.0631664
10.3	0.0617336
10.35	0.0603004
10.4	0.0588672
10.45	0.0574343
10.5	0.056002
10.55	0.0545706
10.6	0.0531402
10.65	0.051711
10.7	0.0502833
10.75	0.0488571
10.8	0.0474326
10.85	0.0460098
10.9	0.0445889
10.95	0.0431698
11	0.0417528
11.05	0.0403377
11.1	0.0389246
11.15	0.0375134
11.2	0.0361043
11.25	0.0346972
11.3	0.033292
11.35	0.0318888
11.4	0.0304875
11.45	0.029088
11.5	0.0276903
11.55	0.0262943
11.6	0.0249
11.65	0.0235073
11.7	0.0221162
11.75	0.0207265
11.8	0.0193383
11.85	0.0179513
11.9	0.0165656
11.95	0.015181
12	0.0137975
12.05	0.0124149
12.1	0.0110332
12.15	0.00965235
12.2	0.00827215
12.25	0.00689254
12.3	0.00551343
12.35	0.00413472
12.4	0.00275631
12.45	0.00137811
12.5	0
Quantum #s: E = -0.0261903, L = 0
r 	 psi(r)
0.05	0.00309763
0.1	0.00927645
0.15	0.015406
0.2	0.0214538
0.25	0.0273878
0.3	0.0331763
0.35	0.0387888
0.4	0.0441954
0.45	0.0493674
0.5	0.0542774
0.55	0.0588993
0.6	0.0632086
0.65	0.0671824
0.7	0.0707996
0.75	0.0740411
0.8	0.0768895
0.85	0.0793299
0.9	0.0813491
0.95	0.0829367
1	0.084084
1.05	0.0847851
1.1	0.0850361
1.15	0.0848359
1.2	0.0841853
1.25	0.083088
1.3	0.0815497
1.35	0.0795785
1.4	0.077185
1.45	0.0743819
1.5	0.071184
1.55	0.0676083
1.6	0.0636739
1.65	0.0594014
1.7	0.0548138
1.75	0.0499352
1.8	0.0447917
1.85	0.0394104
1.9	0.03382
1.95	0.0280502
2	0.0221315
2.05	0.0160953
2.1	0.00997376
2.15	0.00379927
2.2	-0.00239537
2.25	-0.0085773
2.3	-0.0147137
2.35	-0.0207721
2.4	-0.0267202
2.45	-0.0325266
2.5	-0.0381605
2.55	-0.0435919
2.6	-0.048792
2.65	-0.0537334
2.7	-0.0583897
2.75	-0.0627363
2.8	-0.0667502
2.85	-0.0704101
2.9	-0.0736967
2.95	-0.0765924
3	-0.0790821
3.05	-0.0811525
3.1	-0.0827927
3.15	-0.083994
3.2	-0.0847501
3.25	-0.0850572
3.3	-0.0849135
3.35	-0.0843199
3.4	-0.0832796
3.45	-0.0817983
3.5	-0.0798837
3.55	-0.0775462
3.6	-0.0747982
3.65	-0.0716543
3.7	-0.0681312
3.75	-0.0642477
3.8	-0.0600244
3.85	-0.0554837
3.9	-0.0506498
3.95	-0.0455482
4	-0.040206
4.05	-0.0346514
4.1	-0.028914
4.15	-0.0230241
4.2	-0.0170127
4.25	-0.0109116
4.3	-0.00475306
4.35	0.00143051
4.4	0.00760655
4.45	0.0137426
4.5	0.0198064
4.55	0.0257663
4.6	0.031591
4.65	0.0372501
4.7	0.0427141
4.75	0.0479548
4.8	0.0529449
4.85	0.0576587
4.9	0.062072
4.95	0.0661622
5	0.0699087
5.05	0.0732925
5.1	0.0762967
5.15	0.0789065
5.2	0.0811093
5.25	0.0828945
5.3	0.0842541
5.35	0.085182
5.4	0.0856748
5.45	0.0857311
5.5	0.0853521
5.55	0.0845412
5.6	0.0833038
5.65	0.081648
5.7	0.0795837
5.75	0.0771231
5.8	0.0742801
5.85	0.0710708
5.9	0.067513
5.95	0.0636259
6	0.0594306
6.05	0.0549492
6.1	0.0502052
6.15	0.0452231
6.2	0.0400284
6.25	0.0346471
6.3	0.0291057
6.35	0.0234313
6.4	0.0176509
6.45	0.0117915
6.5	0.00588005
6.55	-5.70605e-05
6.6	-0.00599393
6.65	-0.0119054
6.7	-0.0177671
6.75	-0.0235559
6.8	-0.0292496
6.85	-0.0348273
6.9	-0.0402697
6.95	-0.0455588
7	-0.0506781
7.05	-0.0556129
7.1	-0.0603499
7.15	-0.0648777
7.2	-0.0691865
7.25	-0.0732681
7.3	-0.0771161
7.35	-0.0807255
7.4	-0.084093
7.45	-0.0872168
7.5	-0.0900964
7.55	-0.0927326
7.6	-0.0951275
7.65	-0.0972843
7.7	-0.0992072
7.75	-0.100901
7.8	-0.102372
7.85	-0.103627
7.9	-0.104672
7.95	-0.105516
8	-0.106166
8.05	-0.10663
8.1	-0.106917
8.15	-0.107035
8.2	-0.106994
8.25	-0.1068
8.3	-0.106464
8.35	-0.105993
8.4	-0.105395
8.45	-0.104677
8.5	-0.103849
8.55	-0.102917
8.6	-0.101888
8.65	-0.100768
8.7	-0.0995648
8.75	-0.0982839
8.8	-0.096931
8.85	-0.0955117
8.9	-0.0940311
8.95	-0.0924939
9	-0.0909048
9.05	-0.0892678
9.1	-0.0875871
9.15	-0.0858661
9.2	-0.0841084
9.25	-0.082317
9.3	-0.080495
9.35	-0.0786451
9.4	-0.0767697
9.45	-0.0748711
9.5	-0.0729515
9.55	-0.0710129
9.6	-0.0690569
9.65	-0.0670854
9.7	-0.0650997
9.75	-0.0631013
9.8	-0.0610914
9.85	-0.0590711
9.9	-0.0570416
9.95	-0.0550038
10	-0.0529586
10.05	-0.0509066
10.1	-0.0488488
10.15	-0.0467857
10.2	-0.0447178
10.25	-0.0426458
10.3	-0.0405702
10.35	-0.0384913
10.4	-0.0364095
10.45	-0.0343253
10.5	-0.0322389
10.55	-0.0301505
10.6	-0.0280606
10.65	-0.0259692
10.7	-0.0238766
10.75	-0.0217831
10.8	-0.0196886
10.85	-0.0175934
10.9	-0.0154977
10.95	-0.0134014
11	-0.0113048
11.05	-0.00920784
11.1	-0.00711069
11.15	-0.00501338
11.2	-0.00291596
11.25	-0.000818493
11.3	0.00127899
11.35	0.00337645
11.4	0.00547387
11.45	0.00757121
11.5	0.00966846
11.55	0.0117656
11.6	0.0138626
11.65	0.0159596
11.7	0.0180563
11.75	0.020153
11.8	0.0222495
11.85	0.0243459
11.9	0.0264421
11.95	0.0285383
12	0.0306343
12.05	0.0327302
12.1	0.034826
12.15	0.0369218
12.2	0.0390174
12.25	0.041113
12.3	0.0432085
12.35	0.045304
12.4	0.0473994
12.45	0.0494949
12.5	0.0515903
Quantum #s: E = -35.9772, L = 1
r 	 psi(r)
0.05	5.23894e-05
0.1	0.000157117
0.15	0.000340252
0.2	0.000598669
0.25	0.000931339
0.3	0.00133762
0.35	0.00181691
0.4	0.0023686
0.45	0.00299202
0.5	0.00368642
0.55	0.00445098
0.6	0.00528479
0.65	0.00618689
0.7	0.00715622
0.75	0.00819164
0.8	0.00929195
0.85	0.0104559
0.9	0.011682
0.95	0.0129689
1	0.0143152
1.05	0.0157191
1.1	0.0171791
1.15	0.0186935
1.2	0.0202605
1.25	0.0218782
1.3	0.0235447
1.35	0.0252581
1.4	0.0270164
1.45	0.0288174
1.5	0.0306591
1.55	0.0325392
1.6	0.0344556
1.65	0.0364059
1.7	0.0383879
1.75	0.0403991
1.8	0.0424372
1.85	0.0444997
1.9	0.0465842
1.95	0.0486882
2	0.0508091
2.05	0.0529444
2.1	0.0550915
2.15	0.0572478
2.2	0.0594107
2.25	0.0615775
2.3	0.0637456
2.35	0.0659124
2.4	0.0680752
2.45	0.0702314
2.5	0.0723782
2.55	0.0745131
2.6	0.0766333
2.65	0.0787363
2.7	0.0808193
2.75	0.0828799
2.8	0.0849153
2.85	0.0869231
2.9	0.0889006
2.95	0.0908453
3	0.0927548
3.05	0.0946266
3.1	0.0964582
3.15	0.0982474
3.2	0.0999916
3.25	0.101689
3.3	0.103336
3.35	0.104932
3.4	0.106475
3.45	0.107961
3.5	0.109389
3.55	0.110758
3.6	0.112065
3.65	0.113308
3.7	0.114486
3.75	0.115597
3.8	0.116639
3.85	0.117611
3.9	0.118512
3.95	0.119339
4	0.120092
4.05	0.12077
4.1	0.121371
4.15	0.121895
4.2	0.12234
4.25	0.122705
4.3	0.122991
4.35	0.123196
4.4	0.123321
4.45	0.123363
4.5	0.123324
4.55	0.123203
4.6	0.123
4.65	0.122716
4.7	0.122349
4.75	0.121902
4.8	0.121373
4.85	0.120764
4.9	0.120076
4.95	0.119308
5	0.118463
5.05	0.117541
5.1	0.116543
5.15	0.115471
5.2	0.114326
5.25	0.11311
5.3	0.111825
5.35	0.110471
5.4	0.109052
5.45	0.10757
5.5	0.106026
5.55	0.104423
5.6	0.102763
5.65	0.10105
5.7	0.0992856
5.75	0.0974727
5.8	0.0956143
5.85	0.0937136
5.9	0.0917735
5.95	0.0897974
6	0.0877885
6.05	0.0857503
6.1	0.0836861
6.15	0.0815995
6.2	0.079494
6.25	0.0773732
6.3	0.0752407
6.35	0.0731002
6.4	0.0709553
6.45	0.0688097
6.5	0.0666668
6.55	0.0645304
6.6	0.0624038
6.65	0.0602906
6.7	0.0581942
6.75	0.0561177
6.8	0.0540644
6.85	0.0520372
6.9	0.0500392
6.95	0.0480731
7	0.0461414
7.05	0.0442466
7.1	0.0423909
7.15	0.0405765
7.2	0.0388051
7.25	0.0370784
7.3	0.035398
7.35	0.0337649
7.4	0.0321804
7.45	0.0306451
7.5	0.0291598
7.55	0.0277248
7.6	0.0263404
7.65	0.0250067
7.7	0.0237235
7.75	0.0224906
7.8	0.0213074
7.85	0.0201734
7.9	0.0190878
7.95	0.0180498
8	0.0170583
8.05	0.0161125
8.1	0.015211
8.15	0.0143527
8.2	0.0135362
8.25	0.0127604
8.3	0.0120238
8.35	0.0113249
8.4	0.0106625
8.45	0.0100351
8.5	0.00944124
8.55	0.00887957
8.6	0.00834867
8.65	0.00784717
8.7	0.00737373
8.75	0.00692702
8.8	0.00650575
8.85	0.00610867
8.9	0.00573457
8.95	0.00538227
9	0.00505063
9.05	0.00473857
9.1	0.00444504
9.15	0.00416902
9.2	0.00390956
9.25	0.00366573
9.3	0.00343665
9.35	0.0032215
9.4	0.00301947
9.45	0.0028298
9.5	0.00265177
9.55	0.00248471
9.6	0.00232795
9.65	0.00218091
9.7	0.00204298
9.75	0.00191362
9.8	0.00179233
9.85	0.0016786
9.9	0.00157198
9.95	0.00147203
10	0.00137834
10.05	0.00129053
10.1	0.00120824
10.15	0.00113111
10.2	0.00105884
10.25	0.000991114
10.3	0.000927651
10.35	0.000868182
10.4	0.000812457
10.45	0.000760239
10.5	0.000711307
10.55	0.000665452
10.6	0.000622479
10.65	0.000582204
10.7	0.000544453
10.75	0.000509066
10.8	0.000475889
10.85	0.000444781
10.9	0.000415606
10.95	0.00038824
11	0.000362564
11.05	0.000338466
11.1	0.000315843
11.15	0.000294596
11.2	0.000274633
11.25	0.000255868
11.3	0.000238219
11.35	0.000221609
11.4	0.000205966
11.45	0.000191223
11.5	0.000177314
11.55	0.000164179
11.6	0.000151762
11.65	0.000140007
11.7	0.000128864
11.75	0.000118283
11.8	0.00010822
11.85	9.86293e-05
11.9	8.94697e-05
11.95	8.07011e-05
12	7.22852e-05
12.05	6.41853e-05
12.1	5.63659e-05
12.15	4.87929e-05
12.2	4.14331e-05
12.25	3.42545e-05
12.3	2.72256e-05
12.35	2.03158e-05
12.4	1.34947e-05
12.45	6.73263e-06
12.5	0
Quantum #s: E = -23.0907, L = 1
r 	 psi(r)
0.05	0.00012516
0.1	0.000375165
0.15	0.000811805
0.2	0.0014268
0.25	0.00221654
0.3	0.00317801
0.35	0.00430801
0.4	0.00560298
0.45	0.00705891
0.5	0.00867131
0.55	0.0104353
0.6	0.0123453
0.65	0.0143957
0.7	0.0165802
0.75	0.018892
0.8	0.021324
0.85	0.0238688
0.9	0.0265186
0.95	0.0292651
1	0.0320999
1.05	0.0350142
1.1	0.0379989
1.15	0.0410448
1.2	0.0441423
1.25	0.0472816
1.3	0.050453
1.35	0.0536463
1.4	0.0568514
1.45	0.0600581
1.5	0.063256
1.55	0.066435
1.6	0.0695845
1.65	0.0726945
1.7	0.0757545
1.75	0.0787544
1.8	0.0816842
1.85	0.084534
1.9	0.0872941
1.95	0.0899548
2	0.0925069
2.05	0.0949413
2.1	0.0972492
2.15	0.0994221
2.2	0.101452
2.25	0.10333
2.3	0.10505
2.35	0.106605
2.4	0.107987
2.45	0.109191
2.5	0.11021
2.55	0.11104
2.6	0.111675
2.65	0.112111
2.7	0.112344
2.75	0.112372
2.8	0.112191
2.85	0.111798
2.9	0.111193
2.95	0.110374
3	0.10934
3.05	0.108092
3.1	0.10663
3.15	0.104955
3.2	0.103068
3.25	0.100973
3.3	0.0986717
3.35	0.0961676
3.4	0.0934646
3.45	0.0905672
3.5	0.0874804
3.55	0.0842096
3.6	0.0807609
3.65	0.0771407
3.7	0.073356
3.75	0.0694143
3.8	0.0653234
3.85	0.0610916
3.9	0.0567275
3.95	0.0522403
4	0.0476392
4.05	0.0429342
4.1	0.0381351
4.15	0.0332523
4.2	0.0282964
4.25	0.0232782
4.3	0.0182086
4.35	0.0130987
4.4	0.00795981
4.45	0.0028033
4.5	-0.00235943
4.55	-0.00751693
4.6	-0.0126577
4.65	-0.0177704
4.7	-0.0228436
4.75	-0.0278662
4.8	-0.0328268
4.85	-0.0377147
4.9	-0.042519
4.95	-0.0472293
5	-0.0518353
5.05	-0.0563271
5.1	-0.060695
5.15	-0.0649298
5.2	-0.0690226
5.25	-0.0729651
5.3	-0.0767492
5.35	-0.0803675
5.4	-0.083813
5.45	-0.0870793
5.5	-0.0901604
5.55	-0.0930512
5.6	-0.0957468
5.65	-0.0982433
5.7	-0.100537
5.75	-0.102626
5.8	-0.104507
5.85	-0.106179
5.9	-0.107641
5.95	-0.108894
6	-0.109938
6.05	-0.110773
6.1	-0.111404
6.15	-0.11183
6.2	-0.112057
6.25	-0.112089
6.3	-0.111929
6.35	-0.111582
6.4	-0.111056
6.45	-0.110356
6.5	-0.109488
6.55	-0.108461
6.6	-0.107282
6.65	-0.105958
6.7	-0.1045
6.75	-0.102914
6.8	-0.101211
6.85	-0.0993999
6.9	-0.0974895
6.95	-0.0954896
7	-0.0934096
7.05	-0.091259
7.1	-0.0890472
7.15	-0.0867834
7.2	-0.0844767
7.25	-0.082136
7.3	-0.0797698
7.35	-0.0773865
7.4	-0.0749939
7.45	-0.0725995
7.5	-0.0702105
7.55	-0.0678336
7.6	-0.0654749
7.65	-0.0631403
7.7	-0.0608351
7.75	-0.058564
7.8	-0.0563315
7.85	-0.0541413
7.9	-0.0519968
7.95	-0.0499011
8	-0.0478566
8.05	-0.0458654
8.1	-0.0439292
8.15	-0.0420494
8.2	-0.040227
8.25	-0.0384625
8.3	-0.0367563
8.35	-0.0351086
8.4	-0.0335192
8.45	-0.0319876
8.5	-0.0305133
8.55	-0.0290955
8.6	-0.0277333
8.65	-0.0264257
8.7	-0.0251714
8.75	-0.0239692
8.8	-0.0228177
8.85	-0.0217156
8.9	-0.0206614
8.95	-0.0196536
9	-0.0186907
9.05	-0.0177712
9.1	-0.0168935
9.15	-0.0160561
9.2	-0.0152575
9.25	-0.0144962
9.3	-0.0137706
9.35	-0.0130794
9.4	-0.0124212
9.45	-0.0117945
9.5	-0.011198
9.55	-0.0106303
9.6	-0.0100902
9.65	-0.00957651
9.7	-0.00908795
9.75	-0.00862341
9.8	-0.00818175
9.85	-0.00776191
9.9	-0.00736287
9.95	-0.00698362
10	-0.00662323
10.05	-0.00628077
10.1	-0.00595538
10.15	-0.00564621
10.2	-0.00535247
10.25	-0.00507339
10.3	-0.00480824
10.35	-0.00455632
10.4	-0.00431696
10.45	-0.00408952
10.5	-0.0038734
10.55	-0.003668
10.6	-0.00347279
10.65	-0.00328722
10.7	-0.00311079
10.75	-0.00294303
10.8	-0.00278347
10.85	-0.00263168
10.9	-0.00248724
10.95	-0.00234975
11	-0.00221884
11.05	-0.00209413
11.1	-0.00197529
11.15	-0.00186198
11.2	-0.0017539
11.25	-0.00165073
11.3	-0.0015522
11.35	-0.00145802
11.4	-0.00136794
11.45	-0.00128171
11.5	-0.00119907
11.55	-0.0011198
11.6	-0.00104369
11.65	-0.000970506
11.7	-0.000900054
11.75	-0.000832134
11.8	-0.000766556
11.85	-0.000703134
11.9	-0.000641692
11.95	-0.000582056
12	-0.000524058
12.05	-0.000467536
12.1	-0.00041233
12.15	-0.000358284
12.2	-0.000305248
12.25	-0.000253071
12.3	-0.000201607
12.35	-0.000150711
12.4	-0.000100239
12.45	-5.00489e-05
12.5	0
Quantum #s: E = -7.86869, L = 1
r 	 psi(r)
0.05	0.000191243
0.1	0.000572895
0.15	0.0012385
0.2	0.00217392
0.25	0.0033716
0.3	0.0048243
0.35	0.00652398
0.4	0.00846149
0.45	0.0106265
0.5	0.0130076
0.55	0.0155921
0.6	0.0183663
0.65	0.0213155
0.7	0.024424
0.75	0.0276753
0.8	0.0310518
0.85	0.0345355
0.9	0.0381076
0.95	0.0417487
1	0.0454391
1.05	0.0491585
1.1	0.0528865
1.15	0.0566024
1.2	0.0602855
1.25	0.0639149
1.3	0.0674702
1.35	0.0709309
1.4	0.0742769
1.45	0.0774885
1.5	0.0805464
1.55	0.0834321
1.6	0.0861277
1.65	0.0886159
1.7	0.0908804
1.75	0.0929059
1.8	0.094678
1.85	0.0961834
1.9	0.09741
1.95	0.0983467
2	0.098984
2.05	0.0993134
2.1	0.0993281
2.15	0.0990223
2.2	0.0983919
2.25	0.0974343
2.3	0.0961482
2.35	0.0945338
2.4	0.0925929
2.45	0.0903289
2.5	0.0877464
2.55	0.0848516
2.6	0.0816523
2.65	0.0781576
2.7	0.074378
2.75	0.0703253
2.8	0.0660126
2.85	0.0614545
2.9	0.0566665
2.95	0.0516654
3	0.0464689
3.05	0.0410959
3.1	0.0355659
3.15	0.0298997
3.2	0.0241183
3.25	0.0182437
3.3	0.0122984
3.35	0.00630521
3.4	0.00028738
3.45	-0.00573157
3.5	-0.011728
3.55	-0.0176782
3.6	-0.0235586
3.65	-0.0293457
3.7	-0.0350163
3.75	-0.0405476
3.8	-0.0459172
3.85	-0.0511035
3.9	-0.0560852
3.95	-0.060842
4	-0.0653546
4.05	-0.0696043
4.1	-0.0735738
4.15	-0.0772466
4.2	-0.0806076
4.25	-0.0836429
4.3	-0.0863399
4.35	-0.0886874
4.4	-0.0906756
4.45	-0.0922962
4.5	-0.0935426
4.55	-0.0944095
4.6	-0.0948933
4.65	-0.094992
4.7	-0.0947052
4.75	-0.0940342
4.8	-0.0929816
4.85	-0.0915521
4.9	-0.0897516
4.95	-0.0875876
5	-0.0850692
5.05	-0.0822071
5.1	-0.0790132
5.15	-0.0755008
5.2	-0.0716847
5.25	-0.0675806
5.3	-0.0632057
5.35	-0.0585782
5.4	-0.053717
5.45	-0.0486423
5.5	-0.0433748
5.55	-0.037936
5.6	-0.032348
5.65	-0.0266332
5.7	-0.0208146
5.75	-0.0149152
5.8	-0.0089583
5.85	-0.002967
5.9	0.00303562
5.95	0.00902674
6	0.0149839
6.05	0.0208853
6.1	0.0267095
6.15	0.0324359
6.2	0.0380447
6.25	0.0435171
6.3	0.0488354
6.35	0.0539827
6.4	0.0589436
6.45	0.0637039
6.5	0.0682507
6.55	0.0725724
6.6	0.0766591
6.65	0.0805021
6.7	0.0840942
6.75	0.08743
6.8	0.0905052
6.85	0.0933171
6.9	0.0958647
6.95	0.098148
7	0.100169
7.05	0.10193
7.1	0.103435
7.15	0.10469
7.2	0.105701
7.25	0.106475
7.3	0.10702
7.35	0.107346
7.4	0.107461
7.45	0.107377
7.5	0.107103
7.55	0.106651
7.6	0.106032
7.65	0.105257
7.7	0.104337
7.75	0.103284
7.8	0.10211
7.85	0.100824
7.9	0.0994388
7.95	0.0979638
8	0.0964094
8.05	0.0947852
8.1	0.0931006
8.15	0.0913644
8.2	0.0895849
8.25	0.0877699
8.3	0.0859268
8.35	0.0840624
8.4	0.0821831
8.45	0.0802946
8.5	0.0784024
8.55	0.0765113
8.6	0.0746258
8.65	0.07275
8.7	0.0708874
8.75	0.0690413
8.8	0.0672145
8.85	0.0654096
8.9	0.0636288
8.95	0.061874
9	0.0601468
9.05	0.0584487
9.1	0.0567808
9.15	0.055144
9.2	0.0535391
9.25	0.0519666
9.3	0.050427
9.35	0.0489206
9.4	0.0474474
9.45	0.0460075
9.5	0.0446008
9.55	0.0432272
9.6	0.0418863
9.65	0.0405779
9.7	0.0393015
9.75	0.0380567
9.8	0.036843
9.85	0.0356599
9.9	0.0345068
9.95	0.0333831
10	0.0322882
10.05	0.0312213
10.1	0.030182
10.15	0.0291694
10.2	0.0281829
10.25	0.0272218
10.3	0.0262855
10.35	0.0253732
10.4	0.0244842
10.45	0.0236178
10.5	0.0227734
10.55	0.0219502
10.6	0.0211476
10.65	0.0203649
10.7	0.0196014
10.75	0.0188565
10.8	0.0181295
10.85	0.0174198
10.9	0.0167268
10.95	0.0160497
11	0.0153881
11.05	0.0147412
11.1	0.0141086
11.15	0.0134896
11.2	0.0128836
11.25	0.01229
11.3	0.0117084
11.35	0.0111382
11.4	0.0105787
11.45	0.0100296
11.5	0.00949016
11.55	0.00895999
11.6	0.00843856
11.65	0.00792535
11.7	0.00741987
11.75	0.00692163
11.8	0.00643015
11.85	0.00594495
11.9	0.00546556
11.95	0.00499151
12	0.00452233
12.05	0.00405759
12.1	0.00359681
12.15	0.00313955
12.2	0.00268536
12.25	0.00223379
12.3	0.00178442
12.35	0.00133679
12.4	0.000890466
12.45	0.000445015
12.5	0
Quantum #s: E = -31.2031, L = 2
r 	 psi(r)
0.05	-4.09307e-07
0.1	-3.68313e-06
0.15	-1.2476e-05
0.2	-2.95668e-05
0.25	-5.76996e-05
0.3	-9.95912e-05
0.35	-0.000157927
0.4	-0.000235358
0.45	-0.000334489
0.5	-0.000457882
0.55	-0.000608039
0.6	-0.000787409
0.65	-0.00099837
0.7	-0.00124324
0.75	-0.00152424
0.8	-0.00184353
0.85	-0.00220319
0.9	-0.00260518
0.95	-0.0030514
1	-0.00354362
1.05	-0.00408352
1.1	-0.00467267
1.15	-0.00531253
1.2	-0.00600445
1.25	-0.00674963
1.3	-0.0075492
1.35	-0.0084041
1.4	-0.00931521
1.45	-0.0102832
1.5	-0.0113087
1.55	-0.0123921
1.6	-0.0135338
1.65	-0.0147339
1.7	-0.0159924
1.75	-0.0173092
1.8	-0.0186841
1.85	-0.0201166
1.9	-0.0216062
1.95	-0.0231523
2	-0.024754
2.05	-0.0264103
2.1	-0.0281201
2.15	-0.0298822
2.2	-0.0316951
2.25	-0.0335574
2.3	-0.0354673
2.35	-0.0374231
2.4	-0.0394228
2.45	-0.0414644
2.5	-0.0435457
2.55	-0.0456643
2.6	-0.0478179
2.65	-0.0500039
2.7	-0.0522197
2.75	-0.0544624
2.8	-0.0567293
2.85	-0.0590173
2.9	-0.0613235
2.95	-0.0636447
3	-0.0659776
3.05	-0.0683189
3.1	-0.0706654
3.15	-0.0730135
3.2	-0.0753598
3.25	-0.0777007
3.3	-0.0800326
3.35	-0.0823519
3.4	-0.0846549
3.45	-0.0869379
3.5	-0.0891973
3.55	-0.0914293
3.6	-0.0936302
3.65	-0.0957962
3.7	-0.0979237
3.75	-0.100009
3.8	-0.102048
3.85	-0.104038
3.9	-0.105975
3.95	-0.107855
4	-0.109675
4.05	-0.111431
4.1	-0.11312
4.15	-0.114739
4.2	-0.116285
4.25	-0.117754
4.3	-0.119144
4.35	-0.120452
4.4	-0.121674
4.45	-0.122809
4.5	-0.123854
4.55	-0.124806
4.6	-0.125664
4.65	-0.126425
4.7	-0.127088
4.75	-0.12765
4.8	-0.128111
4.85	-0.128469
4.9	-0.128722
4.95	-0.128871
5	-0.128914
5.05	-0.12885
5.1	-0.12868
5.15	-0.128403
5.2	-0.128019
5.25	-0.12753
5.3	-0.126934
5.35	-0.126234
5.4	-0.12543
5.45	-0.124524
5.5	-0.123517
5.55	-0.122411
5.6	-0.121208
5.65	-0.11991
5.7	-0.118519
5.75	-0.11704
5.8	-0.115473
5.85	-0.113823
5.9	-0.112093
5.95	-0.110287
6	-0.108408
6.05	-0.10646
6.1	-0.104448
6.15	-0.102376
6.2	-0.100248
6.25	-0.0980692
6.3	-0.0958442
6.35	-0.0935779
6.4	-0.0912752
6.45	-0.0889412
6.5	-0.086581
6.55	-0.0841997
6.6	-0.0818024
6.65	-0.0793942
6.7	-0.0769803
6.75	-0.0745656
6.8	-0.0721551
6.85	-0.0697535
6.9	-0.0673657
6.95	-0.0649961
7	-0.062649
7.05	-0.0603288
7.1	-0.0580393
7.15	-0.0557843
7.2	-0.0535672
7.25	-0.0513913
7.3	-0.0492597
7.35	-0.0471749
7.4	-0.0451393
7.45	-0.0431552
7.5	-0.0412242
7.55	-0.0393481
7.6	-0.037528
7.65	-0.0357649
7.7	-0.0340596
7.75	-0.0324125
7.8	-0.0308239
7.85	-0.0292937
7.9	-0.0278217
7.95	-0.0264074
8	-0.0250503
8.05	-0.0237496
8.1	-0.0225043
8.15	-0.0213133
8.2	-0.0201754
8.25	-0.0190894
8.3	-0.0180538
8.35	-0.0170673
8.4	-0.0161282
8.45	-0.015235
8.5	-0.0143862
8.55	-0.0135801
8.6	-0.0128151
8.65	-0.0120896
8.7	-0.0114019
8.75	-0.0107505
8.8	-0.0101339
8.85	-0.00955032
8.9	-0.00899842
8.95	-0.00847667
9	-0.00798365
9.05	-0.00751796
9.1	-0.00707824
9.15	-0.00666319
9.2	-0.00627156
9.25	-0.00590214
9.3	-0.00555376
9.35	-0.00522532
9.4	-0.00491574
9.45	-0.00462402
9.5	-0.00434917
9.55	-0.00409028
9.6	-0.00384646
9.65	-0.00361687
9.7	-0.00340071
9.75	-0.00319723
9.8	-0.0030057
9.85	-0.00282545
9.9	-0.00265582
9.95	-0.0024962
10	-0.00234602
10.05	-0.00220472
10.1	-0.00207179
10.15	-0.00194674
10.2	-0.0018291
10.25	-0.00171844
10.3	-0.00161434
10.35	-0.00151642
10.4	-0.0014243
10.45	-0.00133764
10.5	-0.00125612
10.55	-0.00117942
10.6	-0.00110725
10.65	-0.00103935
10.7	-0.000975439
10.75	-0.000915289
10.8	-0.000858666
10.85	-0.000805353
10.9	-0.000755147
10.95	-0.000707854
11	-0.000663293
11.05	-0.000621293
11.1	-0.000581692
11.15	-0.000544339
11.2	-0.000509088
11.25	-0.000475804
11.3	-0.000444359
11.35	-0.000414632
11.4	-0.000386507
11.45	-0.000359876
11.5	-0.000334637
11.55	-0.000310691
11.6	-0.000287946
11.65	-0.000266314
11.7	-0.000245712
11.75	-0.000226059
11.8	-0.00020728
11.85	-0.000189303
11.9	-0.000172057
11.95	-0.000155476
12	-0.000139496
12.05	-0.000124055
12.1	-0.000109093
12.15	-9.45522e-05
12.2	-8.03769e-05
12.25	-6.65121e-05
12.3	-5.29041e-05
12.35	-3.95004e-05
12.4	-2.62492e-05
12.45	-1.30993e-05
12.5	0
Quantum #s: E = -1.10143, L = 2
r 	 psi(r)
0.05	-1.84859e-06
0.1	-1.66277e-05
0.15	-5.62623e-05
0.2	-0.000133114
0.25	-0.000259193
0.3	-0.000446138
0.35	-0.000705128
0.4	-0.00104681
0.45	-0.00148121
0.5	-0.00201766
0.55	-0.00266472
0.6	-0.00343012
0.65	-0.00432068
0.7	-0.00534226
0.75	-0.00649972
0.8	-0.00779685
0.85	-0.00923635
0.9	-0.0108198
0.95	-0.0125476
1	-0.0144189
1.05	-0.0164319
1.1	-0.0185834
1.15	-0.020869
1.2	-0.0232833
1.25	-0.0258195
1.3	-0.0284699
1.35	-0.0312256
1.4	-0.0340767
1.45	-0.0370121
1.5	-0.0400199
1.55	-0.0430874
1.6	-0.0462007
1.65	-0.0493456
1.7	-0.0525069
1.75	-0.0556689
1.8	-0.0588153
1.85	-0.0619296
1.9	-0.0649946
1.95	-0.0679933
2	-0.0709082
2.05	-0.0737219
2.1	-0.0764171
2.15	-0.0789767
2.2	-0.0813837
2.25	-0.0836217
2.3	-0.0856747
2.35	-0.0875271
2.4	-0.0891643
2.45	-0.0905722
2.5	-0.0917377
2.55	-0.0926486
2.6	-0.0932938
2.65	-0.0936632
2.7	-0.093748
2.75	-0.0935407
2.8	-0.093035
2.85	-0.0922259
2.9	-0.09111
2.95	-0.0896854
3	-0.0879515
3.05	-0.0859093
3.1	-0.0835613
3.15	-0.0809117
3.2	-0.0779661
3.25	-0.0747316
3.3	-0.0712169
3.35	-0.0674323
3.4	-0.0633893
3.45	-0.059101
3.5	-0.054582
3.55	-0.0498478
3.6	-0.0449156
3.65	-0.0398034
3.7	-0.0345306
3.75	-0.0291175
3.8	-0.0235851
3.85	-0.0179557
3.9	-0.0122518
3.95	-0.00649685
4	-0.000714676
4.05	0.00507051
4.1	0.0108342
4.15	0.0165519
4.2	0.0221988
4.25	0.0277504
4.3	0.0331825
4.35	0.0384711
4.4	0.0435928
4.45	0.0485247
4.5	0.0532447
4.55	0.0577315
4.6	0.0619648
4.65	0.0659252
4.7	0.0695948
4.75	0.0729566
4.8	0.0759952
4.85	0.0786966
4.9	0.0810482
4.95	0.0830392
5	0.0846603
5.05	0.085904
5.1	0.0867645
5.15	0.0872378
5.2	0.0873217
5.25	0.0870158
5.3	0.0863218
5.35	0.0852429
5.4	0.0837842
5.45	0.0819527
5.5	0.079757
5.55	0.0772076
5.6	0.0743164
5.65	0.0710972
5.7	0.0675648
5.75	0.0637359
5.8	0.0596283
5.85	0.0552609
5.9	0.0506539
5.95	0.0458282
6	0.0408059
6.05	0.0356095
6.1	0.0302621
6.15	0.0247874
6.2	0.0192091
6.25	0.0135513
6.3	0.00783785
6.35	0.00209254
6.4	-0.00366118
6.45	-0.00940034
6.5	-0.0151026
6.55	-0.0207463
6.6	-0.0263106
6.65	-0.0317759
6.7	-0.0371234
6.75	-0.0423357
6.8	-0.0473965
6.85	-0.0522909
6.9	-0.0570057
6.95	-0.0615287
7	-0.0658496
7.05	-0.0699594
7.1	-0.0738506
7.15	-0.0775174
7.2	-0.0809553
7.25	-0.0841613
7.3	-0.0871339
7.35	-0.0898727
7.4	-0.0923789
7.45	-0.0946546
7.5	-0.0967031
7.55	-0.0985288
7.6	-0.100137
7.65	-0.101533
7.7	-0.102725
7.75	-0.103718
7.8	-0.104522
7.85	-0.105145
7.9	-0.105594
7.95	-0.105879
8	-0.106008
8.05	-0.10599
8.1	-0.105835
8.15	-0.10555
8.2	-0.105146
8.25	-0.104629
8.3	-0.104009
8.35	-0.103293
8.4	-0.102489
8.45	-0.101605
8.5	-0.100647
8.55	-0.0996227
8.6	-0.0985376
8.65	-0.0973981
8.7	-0.0962097
8.75	-0.0949779
8.8	-0.0937074
8.85	-0.0924031
8.9	-0.0910691
8.95	-0.0897094
9	-0.0883277
9.05	-0.0869274
9.1	-0.0855116
9.15	-0.0840832
9.2	-0.0826447
9.25	-0.0811986
9.3	-0.0797471
9.35	-0.078292
9.4	-0.0768351
9.45	-0.0753781
9.5	-0.0739224
9.55	-0.0724693
9.6	-0.0710198
9.65	-0.0695751
9.7	-0.0681359
9.75	-0.0667031
9.8	-0.0652774
9.85	-0.0638593
9.9	-0.0624493
9.95	-0.0610479
10	-0.0596554
10.05	-0.058272
10.1	-0.0568982
10.15	-0.0555339
10.2	-0.0541793
10.25	-0.0528345
10.3	-0.0514996
10.35	-0.0501745
10.4	-0.0488593
10.45	-0.0475538
10.5	-0.046258
10.55	-0.0449718
10.6	-0.0436951
10.65	-0.0424276
10.7	-0.0411694
10.75	-0.03992
10.8	-0.0386795
10.85	-0.0374475
10.9	-0.036224
10.95	-0.0350085
11	-0.033801
11.05	-0.0326012
11.1	-0.0314088
11.15	-0.0302236
11.2	-0.0290454
11.25	-0.0278738
11.3	-0.0267087
11.35	-0.0255498
11.4	-0.0243969
11.45	-0.0232495
11.5	-0.0221076
11.55	-0.0209708
11.6	-0.0198389
11.65	-0.0187116
11.7	-0.0175886
11.75	-0.0164698
11.8	-0.0153547
11.85	-0.0142432
11.9	-0.013135
11.95	-0.0120298
12	-0.0109275
12.05	-0.00982758
12.1	-0.00872997
12.15	-0.00763436
12.2	-0.00654051
12.25	-0.00544815
12.3	-0.00435703
12.35	-0.00326691
12.4	-0.00217753
12.45	-0.00108864
12.5	0
Quantum #s: E = -16.3341, L = 2
r 	 psi(r)
0.05	1.16579e-06
0.1	1.04882e-05
0.15	3.55078e-05
0.2	8.40807e-05
0.25	0.000163903
0.3	0.000282515
0.35	0.000447269
0.4	0.000665298
0.45	0.000943476
0.5	0.00128839
0.55	0.00170631
0.6	0.00220314
0.65	0.0027844
0.7	0.00345523
0.75	0.00422029
0.8	0.0050838
0.85	0.00604949
0.9	0.00712057
0.95	0.00829973
1	0.00958913
1.05	0.0109903
1.1	0.0125044
1.15	0.0141317
1.2	0.0158721
1.25	0.0177248
1.3	0.0196886
1.35	0.0217613
1.4	0.0239405
1.45	0.0262229
1.5	0.0286049
1.55	0.0310821
1.6	0.0336496
1.65	0.0363019
1.7	0.039033
1.75	0.0418364
1.8	0.044705
1.85	0.0476314
1.9	0.0506075
1.95	0.0536249
2	0.0566749
2.05	0.0597482
2.1	0.0628354
2.15	0.0659265
2.2	0.0690116
2.25	0.0720802
2.3	0.0751217
2.35	0.0781257
2.4	0.0810811
2.45	0.0839771
2.5	0.0868027
2.55	0.0895471
2.6	0.0921992
2.65	0.0947484
2.7	0.0971839
2.75	0.0994952
2.8	0.101672
2.85	0.103704
2.9	0.105582
2.95	0.107297
3	0.108838
3.05	0.110198
3.1	0.111369
3.15	0.112342
3.2	0.113111
3.25	0.113669
3.3	0.11401
3.35	0.114128
3.4	0.114018
3.45	0.113677
3.5	0.113102
3.55	0.112288
3.6	0.111235
3.65	0.10994
3.7	0.108405
3.75	0.106627
3.8	0.10461
3.85	0.102354
3.9	0.0998616
3.95	0.0971369
4	0.0941837
4.05	0.0910068
4.1	0.087612
4.15	0.0840055
4.2	0.0801946
4.25	0.076187
4.3	0.0719913
4.35	0.0676166
4.4	0.0630729
4.45	0.0583706
4.5	0.0535206
4.55	0.0485347
4.6	0.0434248
4.65	0.0382036
4.7	0.0328841
4.75	0.0274797
4.8	0.022004
4.85	0.0164711
4.9	0.0108953
4.95	0.00529112
5	-0.000326939
5.05	-0.00594415
5.1	-0.0115458
5.15	-0.0171171
5.2	-0.0226435
5.25	-0.0281105
5.3	-0.0335037
5.35	-0.0388092
5.4	-0.0440131
5.45	-0.0491021
5.5	-0.0540632
5.55	-0.0588839
5.6	-0.0635522
5.65	-0.0680568
5.7	-0.0723869
5.75	-0.0765323
5.8	-0.0804837
5.85	-0.0842325
5.9	-0.087771
5.95	-0.091092
6	-0.0941895
6.05	-0.0970584
6.1	-0.0996943
6.15	-0.102094
6.2	-0.104255
6.25	-0.106176
6.3	-0.107856
6.35	-0.109296
6.4	-0.110497
6.45	-0.111463
6.5	-0.112195
6.55	-0.112699
6.6	-0.112979
6.65	-0.113041
6.7	-0.112892
6.75	-0.11254
6.8	-0.111991
6.85	-0.111256
6.9	-0.110343
6.95	-0.109261
7	-0.108022
7.05	-0.106635
7.1	-0.10511
7.15	-0.10346
7.2	-0.101694
7.25	-0.0998243
7.3	-0.097861
7.35	-0.0958151
7.4	-0.0936973
7.45	-0.091518
7.5	-0.0892874
7.55	-0.0870151
7.6	-0.0847107
7.65	-0.0823829
7.7	-0.0800403
7.75	-0.0776909
7.8	-0.0753421
7.85	-0.073001
7.9	-0.0706738
7.95	-0.0683665
8	-0.0660845
8.05	-0.0638326
8.1	-0.061615
8.15	-0.0594356
8.2	-0.0572977
8.25	-0.0552042
8.3	-0.0531576
8.35	-0.0511598
8.4	-0.0492125
8.45	-0.047317
8.5	-0.0454743
8.55	-0.043685
8.6	-0.0419495
8.65	-0.0402679
8.7	-0.0386402
8.75	-0.0370661
8.8	-0.0355451
8.85	-0.0340766
8.9	-0.0326598
8.95	-0.0312938
9	-0.0299777
9.05	-0.0287104
9.1	-0.0274908
9.15	-0.0263177
9.2	-0.0251898
9.25	-0.0241059
9.3	-0.0230647
9.35	-0.0220649
9.4	-0.0211051
9.45	-0.0201841
9.5	-0.0193006
9.55	-0.0184532
9.6	-0.0176407
9.65	-0.0168618
9.7	-0.0161153
9.75	-0.0153999
9.8	-0.0147145
9.85	-0.0140578
9.9	-0.0134287
9.95	-0.0128262
10	-0.0122492
10.05	-0.0116965
10.1	-0.0111673
10.15	-0.0106604
10.2	-0.0101751
10.25	-0.00971025
10.3	-0.0092651
10.35	-0.00883875
10.4	-0.00843039
10.45	-0.00803921
10.5	-0.00766445
10.55	-0.00730537
10.6	-0.00696126
10.65	-0.00663143
10.7	-0.00631523
10.75	-0.00601201
10.8	-0.00572117
10.85	-0.00544212
10.9	-0.00517429
10.95	-0.00491714
11	-0.00467014
11.05	-0.00443279
11.1	-0.0042046
11.15	-0.00398511
11.2	-0.00377386
11.25	-0.00357042
11.3	-0.00337437
11.35	-0.00318531
11.4	-0.00300284
11.45	-0.00282659
11.5	-0.00265619
11.55	-0.00249129
11.6	-0.00233156
11.65	-0.00217665
11.7	-0.00202625
11.75	-0.00188004
11.8	-0.00173773
11.85	-0.00159902
11.9	-0.00146362
11.95	-0.00133124
12	-0.00120162
12.05	-0.00107449
12.1	-0.000949577
12.15	-0.000826631
12.2	-0.000705393
12.25	-0.000585615
12.3	-0.000467046
12.35	-0.000349443
12.4	-0.000232562
12.45	-0.000116161
12.5	0
Quantum #s: E = -25.7216, L = 3
r 	 psi(r)
0.05	6.76654e-09
0.1	8.79501e-08
0.15	4.3279e-07
0.2	1.35373e-06
0.25	3.28697e-06
0.3	6.79072e-06
0.35	1.25431e-05
0.4	2.13395e-05
0.45	3.409e-05
0.5	5.18157e-05
0.55	7.56449e-05
0.6	0.000106809
0.65	0.000146639
0.7	0.000196557
0.75	0.000258075
0.8	0.000332789
0.85	0.000422367
0.9	0.000528552
0.95	0.000653147
1	0.000798012
1.05	0.000965057
1.1	0.00115623
1.15	0.00137353
1.2	0.00161895
1.25	0.00189452
1.3	0.0022023
1.35	0.0025443
1.4	0.00292258
1.45	0.00333915
1.5	0.00379599
1.55	0.00429508
1.6	0.00483833
1.65	0.0054276
1.7	0.00606471
1.75	0.0067514
1.8	0.00748934
1.85	0.00828011
1.9	0.0091252
1.95	0.010026
2	0.0109838
2.05	0.0119998
2.1	0.0130749
2.15	0.0142102
2.2	0.0154064
2.25	0.0166641
2.3	0.0179838
2.35	0.0193659
2.4	0.0208105
2.45	0.0223176
2.5	0.0238871
2.55	0.0255186
2.6	0.0272116
2.65	0.0289654
2.7	0.0307792
2.75	0.0326519
2.8	0.0345822
2.85	0.0365686
2.9	0.0386097
2.95	0.0407035
3	0.042848
3.05	0.0450411
3.1	0.0472804
3.15	0.0495633
3.2	0.051887
3.25	0.0542488
3.3	0.0566454
3.35	0.0590737
3.4	0.0615301
3.45	0.0640112
3.5	0.0665131
3.55	0.0690321
3.6	0.071564
3.65	0.0741048
3.7	0.0766502
3.75	0.0791958
3.8	0.0817371
3.85	0.0842696
3.9	0.0867885
3.95	0.0892892
4	0.0917668
4.05	0.0942166
4.1	0.0966336
4.15	0.0990129
4.2	0.10135
4.25	0.103639
4.3	0.105876
4.35	0.108055
4.4	0.110173
4.45	0.112223
4.5	0.114202
4.55	0.116105
4.6	0.117927
4.65	0.119664
4.7	0.121312
4.75	0.122866
4.8	0.124322
4.85	0.125677
4.9	0.126928
4.95	0.12807
5	0.1291
5.05	0.130016
5.1	0.130815
5.15	0.131495
5.2	0.132052
5.25	0.132486
5.3	0.132795
5.35	0.132977
5.4	0.133032
5.45	0.132958
5.5	0.132756
5.55	0.132425
5.6	0.131967
5.65	0.13138
5.7	0.130668
5.75	0.129831
5.8	0.12887
5.85	0.127789
5.9	0.126589
5.95	0.125274
6	0.123846
6.05	0.12231
6.1	0.120669
6.15	0.118927
6.2	0.117089
6.25	0.11516
6.3	0.113144
6.35	0.111048
6.4	0.108876
6.45	0.106635
6.5	0.10433
6.55	0.101968
6.6	0.0995548
6.65	0.0970967
6.7	0.0946002
6.75	0.0920718
6.8	0.0895179
6.85	0.086945
6.9	0.0843594
6.95	0.0817674
7	0.0791751
7.05	0.0765885
7.1	0.0740134
7.15	0.0714553
7.2	0.0689195
7.25	0.0664111
7.3	0.0639348
7.35	0.061495
7.4	0.0590958
7.45	0.056741
7.5	0.0544339
7.55	0.0521777
7.6	0.049975
7.65	0.0478282
7.7	0.0457392
7.75	0.0437098
7.8	0.0417411
7.85	0.0398343
7.9	0.0379899
7.95	0.0362084
8	0.0344898
8.05	0.0328342
8.1	0.031241
8.15	0.0297097
8.2	0.0282396
8.25	0.0268296
8.3	0.0254787
8.35	0.0241857
8.4	0.0229491
8.45	0.0217676
8.5	0.0206395
8.55	0.0195634
8.6	0.0185376
8.65	0.0175604
8.7	0.0166301
8.75	0.015745
8.8	0.0149033
8.85	0.0141035
8.9	0.0133437
8.95	0.0126224
9	0.0119378
9.05	0.0112884
9.1	0.0106726
9.15	0.0100889
9.2	0.00953577
9.25	0.00901178
9.3	0.00851555
9.35	0.00804572
9.4	0.00760101
9.45	0.00718016
9.5	0.00678197
9.55	0.0064053
9.6	0.00604905
9.65	0.00571215
9.7	0.00539362
9.75	0.00509247
9.8	0.0048078
9.85	0.00453873
9.9	0.00428443
9.95	0.0040441
10	0.003817
10.05	0.0036024
10.1	0.00339962
10.15	0.00320802
10.2	0.00302698
10.25	0.00285592
10.3	0.00269429
10.35	0.00254156
10.4	0.00239724
10.45	0.00226085
10.5	0.00213195
10.55	0.00201012
10.6	0.00189496
10.65	0.00178609
10.7	0.00168314
10.75	0.00158578
10.8	0.0014937
10.85	0.00140657
10.9	0.00132412
10.95	0.00124606
11	0.00117215
11.05	0.00110213
11.1	0.00103578
11.15	0.000972868
11.2	0.000913188
11.25	0.000856541
11.3	0.000802739
11.35	0.000751603
11.4	0.000702962
11.45	0.000656655
11.5	0.000612526
11.55	0.00057043
11.6	0.000530226
11.65	0.000491779
11.7	0.000454963
11.75	0.000419654
11.8	0.000385735
11.85	0.000353094
11.9	0.000321621
11.95	0.000291212
12	0.000261767
12.05	0.000233187
12.1	0.000205377
12.15	0.000178247
12.2	0.000151705
12.25	0.000125664
12.3	0.000100037
12.35	7.47407e-05
12.4	4.96907e-05
12.45	2.48045e-05
12.5	0
Quantum #s: E = -9.35093, L = 3
r 	 psi(r)
0.05	-2.11879e-08
0.1	-2.75355e-07
0.15	-1.35443e-06
0.2	-4.23376e-06
0.25	-1.02707e-05
0.3	-2.11946e-05
0.35	-3.90948e-05
0.4	-6.64056e-05
0.45	-0.00010589
0.5	-0.000160619
0.55	-0.00023395
0.6	-0.000329504
0.65	-0.000451139
0.7	-0.000602921
0.75	-0.000789095
0.8	-0.00101405
0.85	-0.00128231
0.9	-0.00159844
0.95	-0.00196709
1	-0.0023929
1.05	-0.00288049
1.1	-0.00343442
1.15	-0.00405914
1.2	-0.00475896
1.25	-0.00553802
1.3	-0.00640025
1.35	-0.00734933
1.4	-0.00838866
1.45	-0.0095213
1.5	-0.01075
1.55	-0.0120771
1.6	-0.0135044
1.65	-0.0150336
1.7	-0.0166655
1.75	-0.0184008
1.8	-0.0202394
1.85	-0.0221807
1.9	-0.0242238
1.95	-0.0263668
2	-0.0286077
2.05	-0.0309435
2.1	-0.0333708
2.15	-0.0358856
2.2	-0.0384833
2.25	-0.0411586
2.3	-0.0439058
2.35	-0.0467185
2.4	-0.0495897
2.45	-0.0525118
2.5	-0.055477
2.55	-0.0584766
2.6	-0.0615015
2.65	-0.0645424
2.7	-0.0675894
2.75	-0.070632
2.8	-0.0736598
2.85	-0.0766617
2.9	-0.0796265
2.95	-0.0825427
3	-0.0853987
3.05	-0.0881828
3.1	-0.090883
3.15	-0.0934875
3.2	-0.0959844
3.25	-0.0983618
3.3	-0.100608
3.35	-0.102712
3.4	-0.104662
3.45	-0.106446
3.5	-0.108056
3.55	-0.109479
3.6	-0.110706
3.65	-0.111729
3.7	-0.112538
3.75	-0.113124
3.8	-0.113481
3.85	-0.113601
3.9	-0.113479
3.95	-0.113109
4	-0.112486
4.05	-0.111606
4.1	-0.110467
4.15	-0.109067
4.2	-0.107404
4.25	-0.105479
4.3	-0.103292
4.35	-0.100845
4.4	-0.0981407
4.45	-0.095183
4.5	-0.0919764
4.55	-0.0885267
4.6	-0.0848406
4.65	-0.0809255
4.7	-0.0767901
4.75	-0.0724438
4.8	-0.0678968
4.85	-0.0631603
4.9	-0.0582463
4.95	-0.0531675
5	-0.0479374
5.05	-0.0425701
5.1	-0.0370803
5.15	-0.0314833
5.2	-0.0257949
5.25	-0.0200314
5.3	-0.0142094
5.35	-0.00834581
5.4	-0.00245769
5.45	0.00343765
5.5	0.00932288
5.55	0.0151807
5.6	0.0209938
5.65	0.0267451
5.7	0.0324179
5.75	0.0379956
5.8	0.0434623
5.85	0.0488023
5.9	0.0540006
5.95	0.0590429
6	0.0639156
6.05	0.0686059
6.1	0.0731019
6.15	0.0773924
6.2	0.0814674
6.25	0.0853179
6.3	0.0889359
6.35	0.0923146
6.4	0.0954483
6.45	0.0983325
6.5	0.100964
6.55	0.10334
6.6	0.10546
6.65	0.107324
6.7	0.108934
6.75	0.110292
6.8	0.111401
6.85	0.112267
6.9	0.112894
6.95	0.11329
7	0.113461
7.05	0.113416
7.1	0.113165
7.15	0.112715
7.2	0.112078
7.25	0.111264
7.3	0.110284
7.35	0.10915
7.4	0.107871
7.45	0.10646
7.5	0.104929
7.55	0.103288
7.6	0.10155
7.65	0.0997235
7.7	0.097821
7.75	0.0958525
7.8	0.093828
7.85	0.0917569
7.9	0.0896485
7.95	0.0875113
8	0.0853534
8.05	0.0831824
8.1	0.0810053
8.15	0.0788286
8.2	0.0766584
8.25	0.0745001
8.3	0.0723585
8.35	0.0702383
8.4	0.0681433
8.45	0.0660771
8.5	0.0640427
8.55	0.0620429
8.6	0.06008
8.65	0.0581558
8.7	0.0562721
8.75	0.0544302
8.8	0.052631
8.85	0.0508753
8.9	0.0491637
8.95	0.0474965
9	0.0458739
9.05	0.0442957
9.1	0.0427619
9.15	0.0412721
9.2	0.0398259
9.25	0.0384227
9.3	0.0370619
9.35	0.0357428
9.4	0.0344647
9.45	0.0332266
9.5	0.0320278
9.55	0.0308672
9.6	0.0297441
9.65	0.0286574
9.7	0.0276062
9.75	0.0265894
9.8	0.0256061
9.85	0.0246553
9.9	0.023736
9.95	0.0228472
10	0.021988
10.05	0.0211573
10.1	0.0203543
10.15	0.019578
10.2	0.0188274
10.25	0.0181018
10.3	0.0174001
10.35	0.0167215
10.4	0.0160652
10.45	0.0154303
10.5	0.014816
10.55	0.0142216
10.6	0.0136463
10.65	0.0130892
10.7	0.0125498
10.75	0.0120272
10.8	0.0115208
10.85	0.01103
10.9	0.0105539
10.95	0.0100921
11	0.00964393
11.05	0.00920871
11.1	0.0087859
11.15	0.00837491
11.2	0.00797521
11.25	0.00758624
11.3	0.00720747
11.35	0.0068384
11.4	0.00647852
11.45	0.00612734
11.5	0.00578438
11.55	0.00544919
11.6	0.0051213
11.65	0.00480027
11.7	0.00448567
11.75	0.00417706
11.8	0.00387404
11.85	0.00357619
11.9	0.00328311
11.95	0.0029944
12	0.00270969
12.05	0.00242858
12.1	0.00215069
12.15	0.00187567
12.2	0.00160313
12.25	0.00133271
12.3	0.00106406
12.35	0.000796819
12.4	0.000530629
12.45	0.00026514
12.5	0
Quantum #s: E = -19.6185, L = 4
r 	 psi(r)
0.05	-9.01544e-11
0.1	-2.07328e-09
0.15	-1.44167e-08
0.2	-5.8755e-08
0.25	-1.76364e-07
0.3	-4.34545e-07
0.35	-9.32861e-07
0.4	-1.80919e-06
0.45	-3.24557e-06
0.5	-5.47377e-06
0.55	-8.78062e-06
0.6	-1.3513e-05
0.65	-2.00824e-05
0.7	-2.89693e-05
0.75	-4.0727e-05
0.8	-5.5985e-05
0.85	-7.54521e-05
0.9	-9.99188e-05
0.95	-0.000130259
1	-0.000167433
1.05	-0.000212486
1.1	-0.00026655
1.15	-0.000330844
1.2	-0.000406672
1.25	-0.000495425
1.3	-0.000598574
1.35	-0.00071767
1.4	-0.000854344
1.45	-0.0010103
1.5	-0.00118731
1.55	-0.00138721
1.6	-0.00161189
1.65	-0.00186332
1.7	-0.00214349
1.75	-0.00245443
1.8	-0.00279823
1.85	-0.00317697
1.9	-0.00359279
1.95	-0.00404779
2	-0.00454412
2.05	-0.00508387
2.1	-0.00566916
2.15	-0.00630206
2.2	-0.00698458
2.25	-0.00771871
2.3	-0.00850638
2.35	-0.00934944
2.4	-0.0102496
2.45	-0.0112087
2.5	-0.0122281
2.55	-0.0133095
2.6	-0.014454
2.65	-0.015663
2.7	-0.0169374
2.75	-0.0182783
2.8	-0.0196862
2.85	-0.0211619
2.9	-0.0227057
2.95	-0.0243177
3	-0.0259981
3.05	-0.0277465
3.1	-0.0295626
3.15	-0.0314457
3.2	-0.033395
3.25	-0.0354093
3.3	-0.0374874
3.35	-0.0396276
3.4	-0.0418281
3.45	-0.044087
3.5	-0.0464018
3.55	-0.0487701
3.6	-0.051189
3.65	-0.0536556
3.7	-0.0561664
3.75	-0.0587181
3.8	-0.0613069
3.85	-0.0639288
3.9	-0.0665796
3.95	-0.0692549
4	-0.0719501
4.05	-0.0746604
4.1	-0.0773807
4.15	-0.080106
4.2	-0.0828307
4.25	-0.0855496
4.3	-0.0882569
4.35	-0.0909469
4.4	-0.0936138
4.45	-0.0962515
4.5	-0.0988542
4.55	-0.101416
4.6	-0.10393
4.65	-0.106391
4.7	-0.108792
4.75	-0.111128
4.8	-0.113393
4.85	-0.11558
4.9	-0.117683
4.95	-0.119698
5	-0.121618
5.05	-0.123437
5.1	-0.125152
5.15	-0.126756
5.2	-0.128245
5.25	-0.129614
5.3	-0.130859
5.35	-0.131976
5.4	-0.132962
5.45	-0.133812
5.5	-0.134525
5.55	-0.135098
5.6	-0.135528
5.65	-0.135814
5.7	-0.135954
5.75	-0.135948
5.8	-0.135795
5.85	-0.135495
5.9	-0.13505
5.95	-0.134459
6	-0.133724
6.05	-0.132848
6.1	-0.131832
6.15	-0.130681
6.2	-0.129396
6.25	-0.127983
6.3	-0.126445
6.35	-0.124787
6.4	-0.123015
6.45	-0.121133
6.5	-0.119148
6.55	-0.117067
6.6	-0.114895
6.65	-0.112639
6.7	-0.110307
6.75	-0.107905
6.8	-0.105442
6.85	-0.102924
6.9	-0.100359
6.95	-0.0977547
7	-0.0951185
7.05	-0.0924579
7.1	-0.0897802
7.15	-0.0870926
7.2	-0.0844022
7.25	-0.0817156
7.3	-0.0790395
7.35	-0.0763799
7.4	-0.0737428
7.45	-0.0711336
7.5	-0.0685576
7.55	-0.0660195
7.6	-0.0635236
7.65	-0.0610739
7.7	-0.058674
7.75	-0.056327
7.8	-0.0540356
7.85	-0.0518021
7.9	-0.0496286
7.95	-0.0475165
8	-0.0454672
8.05	-0.0434814
8.1	-0.0415597
8.15	-0.0397025
8.2	-0.0379096
8.25	-0.0361809
8.3	-0.0345158
8.35	-0.0329137
8.4	-0.0313736
8.45	-0.0298945
8.5	-0.0284753
8.55	-0.0271146
8.6	-0.0258111
8.65	-0.0245632
8.7	-0.0233694
8.75	-0.022228
8.8	-0.0211375
8.85	-0.0200961
8.9	-0.0191022
8.95	-0.018154
9	-0.0172498
9.05	-0.0163881
9.1	-0.015567
9.15	-0.0147851
9.2	-0.0140406
9.25	-0.0133319
9.3	-0.0126577
9.35	-0.0120163
9.4	-0.0114062
9.45	-0.0108262
9.5	-0.0102748
9.55	-0.00975072
9.6	-0.00925265
9.65	-0.0087794
9.7	-0.00832977
9.75	-0.00790264
9.8	-0.00749692
9.85	-0.00711156
9.9	-0.00674557
9.95	-0.00639799
10	-0.0060679
10.05	-0.00575444
10.1	-0.00545676
10.15	-0.00517407
10.2	-0.00490561
10.25	-0.00465065
10.3	-0.00440851
10.35	-0.00417851
10.4	-0.00396004
10.45	-0.00375249
10.5	-0.00355529
10.55	-0.00336791
10.6	-0.00318982
10.65	-0.00302054
10.7	-0.00285958
10.75	-0.00270652
10.8	-0.00256092
10.85	-0.00242239
10.9	-0.00229052
10.95	-0.00216497
11	-0.00204538
11.05	-0.00193142
11.1	-0.00182277
11.15	-0.00171913
11.2	-0.00162021
11.25	-0.00152573
11.3	-0.00143545
11.35	-0.00134909
11.4	-0.00126643
11.45	-0.00118724
11.5	-0.00111129
11.55	-0.00103838
11.6	-0.000968305
11.65	-0.00090087
11.7	-0.000835889
11.75	-0.000773185
11.8	-0.000712584
11.85	-0.00065392
11.9	-0.000597032
11.95	-0.000541764
12	-0.000487965
12.05	-0.000435487
12.1	-0.000384188
12.15	-0.000333928
12.2	-0.000284569
12.25	-0.000235979
12.3	-0.000188025
12.35	-0.000140578
12.4	-9.35092e-05
12.45	-4.66919e-05
12.5	0
Quantum #s: E = -2.3559, L = 4
r 	 psi(r)
0.05	2.86674e-10
0.1	6.59207e-09
0.15	4.58247e-08
0.2	1.8666e-07
0.25	5.5988e-07
0.3	1.37819e-06
0.35	2.95524e-06
0.4	5.72365e-06
0.45	1.02519e-05
0.5	1.726e-05
0.55	2.76333e-05
0.6	4.24353e-05
0.65	6.29177e-05
0.7	9.05297e-05
0.75	0.000126924
0.8	0.000173963
0.85	0.000233719
0.9	0.000308474
0.95	0.00040072
1	0.000513152
1.05	0.000648663
1.1	0.000810331
1.15	0.00100141
1.2	0.00122532
1.25	0.00148561
1.3	0.00178598
1.35	0.00213021
1.4	0.00252217
1.45	0.0029658
1.5	0.00346506
1.55	0.0040239
1.6	0.00464626
1.65	0.00533601
1.7	0.00609695
1.75	0.00693273
1.8	0.00784685
1.85	0.00884263
1.9	0.00992316
1.95	0.0110913
2	0.0123495
2.05	0.0137
2.1	0.0151446
2.15	0.0166849
2.2	0.0183218
2.25	0.0200559
2.3	0.0218874
2.35	0.0238157
2.4	0.02584
2.45	0.0279588
2.5	0.03017
2.55	0.032471
2.6	0.0348585
2.65	0.0373288
2.7	0.0398774
2.75	0.0424992
2.8	0.0451885
2.85	0.0479391
2.9	0.050744
2.95	0.0535959
3	0.0564865
3.05	0.0594074
3.1	0.0623494
3.15	0.0653028
3.2	0.0682576
3.25	0.071203
3.3	0.0741283
3.35	0.077022
3.4	0.0798725
3.45	0.0826679
3.5	0.085396
3.55	0.0880446
3.6	0.0906011
3.65	0.0930531
3.7	0.0953881
3.75	0.0975937
3.8	0.0996576
3.85	0.101568
3.9	0.103312
3.95	0.104879
4	0.106258
4.05	0.107437
4.1	0.108407
4.15	0.109158
4.2	0.109681
4.25	0.109968
4.3	0.110011
4.35	0.109803
4.4	0.109338
4.45	0.108611
4.5	0.107619
4.55	0.106357
4.6	0.104824
4.65	0.103019
4.7	0.100942
4.75	0.0985937
4.8	0.0959764
4.85	0.0930936
4.9	0.0899496
4.95	0.0865502
5	0.082902
5.05	0.0790128
5.1	0.0748915
5.15	0.0705481
5.2	0.0659936
5.25	0.06124
5.3	0.0563002
5.35	0.0511881
5.4	0.0459182
5.45	0.0405062
5.5	0.0349679
5.55	0.0293204
5.6	0.0235808
5.65	0.017767
5.7	0.0118971
5.75	0.00598964
5.8	6.32134e-05
5.85	-0.00586341
5.9	-0.0117715
5.95	-0.0176424
6	-0.0234577
6.05	-0.0291992
6.1	-0.0348494
6.15	-0.0403909
6.2	-0.0458072
6.25	-0.0510824
6.3	-0.0562015
6.35	-0.0611502
6.4	-0.0659153
6.45	-0.0704846
6.5	-0.074847
6.55	-0.0789925
6.6	-0.0829124
6.65	-0.0865993
6.7	-0.0900468
6.75	-0.0932501
6.8	-0.0962056
6.85	-0.0989108
6.9	-0.101365
6.95	-0.103568
7	-0.105521
7.05	-0.107228
7.1	-0.108691
7.15	-0.109916
7.2	-0.110908
7.25	-0.111675
7.3	-0.112222
7.35	-0.11256
7.4	-0.112696
7.45	-0.11264
7.5	-0.112401
7.55	-0.111991
7.6	-0.111419
7.65	-0.110696
7.7	-0.109832
7.75	-0.108838
7.8	-0.107726
7.85	-0.106504
7.9	-0.105183
7.95	-0.103774
8	-0.102285
8.05	-0.100727
8.1	-0.0991065
8.15	-0.0974335
8.2	-0.0957154
8.25	-0.0939599
8.3	-0.0921738
8.35	-0.0903638
8.4	-0.0885359
8.45	-0.0866957
8.5	-0.0848485
8.55	-0.0829988
8.6	-0.0811511
8.65	-0.0793092
8.7	-0.0774767
8.75	-0.0756567
8.8	-0.0738521
8.85	-0.0720652
8.9	-0.0702984
8.95	-0.0685534
9	-0.066832
9.05	-0.0651354
9.1	-0.063465
9.15	-0.0618216
9.2	-0.0602061
9.25	-0.058619
9.3	-0.0570608
9.35	-0.0555318
9.4	-0.0540322
9.45	-0.0525621
9.5	-0.0511214
9.55	-0.0497101
9.6	-0.0483279
9.65	-0.0469746
9.7	-0.0456498
9.75	-0.0443532
9.8	-0.0430843
9.85	-0.0418427
9.9	-0.0406279
9.95	-0.0394393
10	-0.0382763
10.05	-0.0371384
10.1	-0.0360251
10.15	-0.0349356
10.2	-0.0338694
10.25	-0.0328259
10.3	-0.0318043
10.35	-0.0308042
10.4	-0.0298248
10.45	-0.0288656
10.5	-0.0279259
10.55	-0.027005
10.6	-0.0261024
10.65	-0.0252175
10.7	-0.0243496
10.75	-0.0234981
10.8	-0.0226624
10.85	-0.0218421
10.9	-0.0210364
10.95	-0.0202448
11	-0.0194668
11.05	-0.0187018
11.1	-0.0179492
11.15	-0.0172086
11.2	-0.0164794
11.25	-0.0157611
11.3	-0.0150531
11.35	-0.0143551
11.4	-0.0136665
11.45	-0.0129867
11.5	-0.0123155
11.55	-0.0116522
11.6	-0.0109964
11.65	-0.0103478
11.7	-0.00970573
11.75	-0.0090699
11.8	-0.00843984
11.85	-0.00781514
11.9	-0.00719538
11.95	-0.00658016
12	-0.00596906
12.05	-0.00536169
12.1	-0.00475766
12.15	-0.00415657
12.2	-0.00355806
12.25	-0.00296174
12.3	-0.00236723
12.35	-0.00177416
12.4	-0.00118218
12.45	-0.000590911
12.5	0
Quantum #s: E = -12.9747, L = 5
r 	 psi(r)
0.05	-1.60427e-12
0.1	-4.97263e-11
0.15	-4.7061e-10
0.2	-2.45843e-09
0.25	-9.0466e-09
0.3	-2.64568e-08
0.35	-6.58153e-08
0.4	-1.45222e-07
0.45	-2.92159e-07
0.5	-5.46208e-07
0.55	-9.62073e-07
0.6	-1.61287e-06
0.65	-2.59364e-06
0.7	-4.0251e-06
0.75	-6.05758e-06
0.8	-8.87505e-06
0.85	-1.26993e-05
0.9	-1.77943e-05
0.95	-2.44703e-05
1	-3.30882e-05
1.05	-4.40638e-05
1.1	-5.7872e-05
1.15	-7.50505e-05
1.2	-9.62042e-05
1.25	-0.000122008
1.3	-0.000153212
1.35	-0.000190641
1.4	-0.000235202
1.45	-0.000287882
1.5	-0.000349754
1.55	-0.000421974
1.6	-0.000505788
1.65	-0.000602525
1.7	-0.000713606
1.75	-0.000840533
1.8	-0.000984899
1.85	-0.00114838
1.9	-0.00133272
1.95	-0.00153976
2	-0.00177141
2.05	-0.00202964
2.1	-0.00231649
2.15	-0.00263407
2.2	-0.00298452
2.25	-0.00337006
2.3	-0.0037929
2.35	-0.00425533
2.4	-0.00475962
2.45	-0.00530807
2.5	-0.00590298
2.55	-0.00654664
2.6	-0.00724131
2.65	-0.00798923
2.7	-0.00879258
2.75	-0.0096535
2.8	-0.010574
2.85	-0.0115562
2.9	-0.0126018
2.95	-0.0137127
3	-0.0148905
3.05	-0.0161367
3.1	-0.0174527
3.15	-0.0188397
3.2	-0.0202987
3.25	-0.0218304
3.3	-0.0234357
3.35	-0.0251148
3.4	-0.0268679
3.45	-0.0286951
3.5	-0.030596
3.55	-0.0325699
3.6	-0.0346163
3.65	-0.0367338
3.7	-0.0389211
3.75	-0.0411767
3.8	-0.0434984
3.85	-0.045884
3.9	-0.0483309
3.95	-0.0508363
4	-0.0533971
4.05	-0.0560096
4.1	-0.0586701
4.15	-0.0613745
4.2	-0.0641185
4.25	-0.0668973
4.3	-0.069706
4.35	-0.0725394
4.4	-0.075392
4.45	-0.0782581
4.5	-0.0811317
4.55	-0.0840066
4.6	-0.0868765
4.65	-0.0897347
4.7	-0.0925746
4.75	-0.0953893
4.8	-0.0981717
4.85	-0.100915
4.9	-0.103612
4.95	-0.106255
5	-0.108837
5.05	-0.111351
5.1	-0.11379
5.15	-0.116147
5.2	-0.118415
5.25	-0.120586
5.3	-0.122655
5.35	-0.124615
5.4	-0.12646
5.45	-0.128183
5.5	-0.129779
5.55	-0.131243
5.6	-0.13257
5.65	-0.133755
5.7	-0.134794
5.75	-0.135684
5.8	-0.136421
5.85	-0.137003
5.9	-0.137427
5.95	-0.137692
6	-0.137796
6.05	-0.13774
6.1	-0.137523
6.15	-0.137146
6.2	-0.136611
6.25	-0.135918
6.3	-0.135072
6.35	-0.134074
6.4	-0.132928
6.45	-0.131639
6.5	-0.130212
6.55	-0.128651
6.6	-0.126963
6.65	-0.125153
6.7	-0.123229
6.75	-0.121197
6.8	-0.119064
6.85	-0.116839
6.9	-0.11453
6.95	-0.112143
7	-0.109689
7.05	-0.107174
7.1	-0.104607
7.15	-0.101997
7.2	-0.0993511
7.25	-0.0966784
7.3	-0.0939864
7.35	-0.0912828
7.4	-0.0885751
7.45	-0.0858705
7.5	-0.0831756
7.55	-0.0804969
7.6	-0.0778406
7.65	-0.0752121
7.7	-0.0726167
7.75	-0.0700592
7.8	-0.0675438
7.85	-0.0650744
7.9	-0.0626545
7.95	-0.0602871
8	-0.0579748
8.05	-0.0557196
8.1	-0.0535235
8.15	-0.0513877
8.2	-0.0493134
8.25	-0.0473014
8.3	-0.045352
8.35	-0.0434654
8.4	-0.0416415
8.45	-0.0398799
8.5	-0.0381801
8.55	-0.0365415
8.6	-0.034963
8.65	-0.0334436
8.7	-0.0319823
8.75	-0.0305777
8.8	-0.0292284
8.85	-0.0279331
8.9	-0.0266903
8.95	-0.0254984
9	-0.0243559
9.05	-0.0232612
9.1	-0.0222127
9.15	-0.0212089
9.2	-0.0202482
9.25	-0.0193289
9.3	-0.0184497
9.35	-0.0176088
9.4	-0.0168049
9.45	-0.0160364
9.5	-0.0153019
9.55	-0.0146001
9.6	-0.0139296
9.65	-0.013289
9.7	-0.0126771
9.75	-0.0120926
9.8	-0.0115344
9.85	-0.0110013
9.9	-0.0104921
9.95	-0.0100058
10	-0.0095414
10.05	-0.00909786
10.1	-0.00867423
10.15	-0.00826961
10.2	-0.00788309
10.25	-0.00751385
10.3	-0.00716107
10.35	-0.00682397
10.4	-0.0065018
10.45	-0.00619387
10.5	-0.00589947
10.55	-0.00561796
10.6	-0.00534871
10.65	-0.00509113
10.7	-0.00484463
10.75	-0.00460867
10.8	-0.00438272
10.85	-0.00416628
10.9	-0.00395886
10.95	-0.00376001
11	-0.00356928
11.05	-0.00338625
11.1	-0.0032105
11.15	-0.00304166
11.2	-0.00287934
11.25	-0.0027232
11.3	-0.00257287
11.35	-0.00242804
11.4	-0.00228838
11.45	-0.00215358
11.5	-0.00202336
11.55	-0.00189743
11.6	-0.00177551
11.65	-0.00165734
11.7	-0.00154266
11.75	-0.00143123
11.8	-0.0013228
11.85	-0.00121715
11.9	-0.00111404
11.95	-0.00101326
12	-0.000914586
12.05	-0.000817818
12.1	-0.000722748
12.15	-0.000629176
12.2	-0.000536905
12.25	-0.000445743
12.3	-0.0003555
12.35	-0.000265989
12.4	-0.000177024
12.45	-8.84213e-05
12.5	0
Quantum #s: E = -5.87671, L = 6
r 	 psi(r)
0.05	-2.70592e-14
0.1	-1.21754e-12
0.15	-1.51866e-11
0.2	-9.99565e-11
0.25	-4.46652e-10
0.3	-1.54167e-09
0.35	-4.42821e-09
0.4	-1.109e-08
0.45	-2.49785e-08
0.5	-5.17039e-08
0.55	-9.9907e-08
0.6	-1.82329e-07
0.65	-3.17091e-07
0.7	-5.29198e-07
0.75	-8.52269e-07
0.8	-1.33051e-06
0.85	-2.02091e-06
0.9	-2.99571e-06
0.95	-4.34506e-06
1	-6.17994e-06
1.05	-8.63528e-06
1.1	-1.18733e-05
1.15	-1.6087e-05
1.2	-2.15039e-05
1.25	-2.83899e-05
1.3	-3.7053e-05
1.35	-4.78477e-05
1.4	-6.1179e-05
1.45	-7.75062e-05
1.5	-9.73475e-05
1.55	-0.000121284
1.6	-0.000149963
1.65	-0.000184102
1.7	-0.000224496
1.75	-0.000272012
1.8	-0.000327604
1.85	-0.000392304
1.9	-0.000467236
1.95	-0.000553608
2	-0.000652721
2.05	-0.000765965
2.1	-0.000894822
2.15	-0.00104087
2.2	-0.00120577
2.25	-0.00139129
2.3	-0.00159926
2.35	-0.00183162
2.4	-0.00209037
2.45	-0.00237763
2.5	-0.00269553
2.55	-0.00304633
2.6	-0.00343231
2.65	-0.00385582
2.7	-0.00431925
2.75	-0.00482503
2.8	-0.00537563
2.85	-0.00597351
2.9	-0.00662114
2.95	-0.00732101
3	-0.00807557
3.05	-0.00888723
3.1	-0.00975837
3.15	-0.0106913
3.2	-0.0116882
3.25	-0.0127513
3.3	-0.0138826
3.35	-0.015084
3.4	-0.0163573
3.45	-0.0177041
3.5	-0.0191258
3.55	-0.0206237
3.6	-0.0221987
3.65	-0.0238519
3.7	-0.0255836
3.75	-0.0273943
3.8	-0.029284
3.85	-0.0312524
3.9	-0.0332992
3.95	-0.0354233
4	-0.0376237
4.05	-0.039899
4.1	-0.0422472
4.15	-0.0446663
4.2	-0.0471536
4.25	-0.0497064
4.3	-0.0523214
4.35	-0.054995
4.4	-0.0577232
4.45	-0.0605018
4.5	-0.0633259
4.55	-0.0661906
4.6	-0.0690906
4.65	-0.0720201
4.7	-0.0749731
4.75	-0.0779432
4.8	-0.0809238
4.85	-0.0839082
4.9	-0.086889
4.95	-0.089859
5	-0.0928105
5.05	-0.0957359
5.1	-0.0986273
5.15	-0.101477
5.2	-0.104276
5.25	-0.107017
5.3	-0.109692
5.35	-0.112292
5.4	-0.11481
5.45	-0.117237
5.5	-0.119567
5.55	-0.121791
5.6	-0.123901
5.65	-0.125892
5.7	-0.127756
5.75	-0.129486
5.8	-0.131078
5.85	-0.132524
5.9	-0.133821
5.95	-0.134964
6	-0.135948
6.05	-0.13677
6.1	-0.137428
6.15	-0.137919
6.2	-0.138241
6.25	-0.138394
6.3	-0.138378
6.35	-0.138193
6.4	-0.137841
6.45	-0.137322
6.5	-0.13664
6.55	-0.135799
6.6	-0.134801
6.65	-0.133652
6.7	-0.132356
6.75	-0.13092
6.8	-0.12935
6.85	-0.127652
6.9	-0.125834
6.95	-0.123903
7	-0.121867
7.05	-0.119735
7.1	-0.117514
7.15	-0.115214
7.2	-0.112843
7.25	-0.110409
7.3	-0.107922
7.35	-0.10539
7.4	-0.102821
7.45	-0.100225
7.5	-0.0976075
7.55	-0.0949779
7.6	-0.0923432
7.65	-0.0897104
7.7	-0.0870862
7.75	-0.0844769
7.8	-0.0818882
7.85	-0.0793256
7.9	-0.0767938
7.95	-0.0742976
8	-0.0718407
8.05	-0.0694269
8.1	-0.0670593
8.15	-0.0647406
8.2	-0.0624731
8.25	-0.0602587
8.3	-0.0580991
8.35	-0.0559955
8.4	-0.0539487
8.45	-0.0519595
8.5	-0.0500281
8.55	-0.0481546
8.6	-0.046339
8.65	-0.0445808
8.7	-0.0428797
8.75	-0.0412348
8.8	-0.0396455
8.85	-0.0381107
8.9	-0.0366294
8.95	-0.0352006
9	-0.0338229
9.05	-0.0324952
9.1	-0.0312162
9.15	-0.0299844
9.2	-0.0287986
9.25	-0.0276574
9.3	-0.0265593
9.35	-0.025503
9.4	-0.0244871
9.45	-0.0235102
9.5	-0.0225709
9.55	-0.0216679
9.6	-0.0208
9.65	-0.0199656
9.7	-0.0191637
9.75	-0.018393
9.8	-0.0176522
9.85	-0.0169402
9.9	-0.0162559
9.95	-0.0155981
10	-0.0149657
10.05	-0.0143577
10.1	-0.0137731
10.15	-0.0132109
10.2	-0.0126702
10.25	-0.0121501
10.3	-0.0116496
10.35	-0.0111679
10.4	-0.0107043
10.45	-0.0102579
10.5	-0.0098279
10.55	-0.00941365
10.6	-0.00901442
10.65	-0.00862953
10.7	-0.00825832
10.75	-0.00790016
10.8	-0.00755445
10.85	-0.00722059
10.9	-0.00689803
10.95	-0.00658623
11	-0.00628465
11.05	-0.0059928
11.1	-0.00571019
11.15	-0.00543635
11.2	-0.00517083
11.25	-0.0049132
11.3	-0.00466302
11.35	-0.0044199
11.4	-0.00418344
11.45	-0.00395326
11.5	-0.00372899
11.55	-0.00351027
11.6	-0.00329677
11.65	-0.00308813
11.7	-0.00288403
11.75	-0.00268417
11.8	-0.00248822
11.85	-0.00229589
11.9	-0.00210689
11.95	-0.00192093
12	-0.00173773
12.05	-0.00155702
12.1	-0.00137853
12.15	-0.001202
12.2	-0.00102717
12.25	-0.000853789
12.3	-0.000681605
12.35	-0.000510376
12.4	-0.000339858
12.45	-0.000169811
12.5	0
